mass_A
t	x	y
0,000000000E0	-5,771209485E1	3,198058759E1
1,000000000E-2	-5,771196620E1	3,198161195E1
2,000000000E-2	-5,770768592E1	3,198513997E1
3,000000000E-2	-5,770579375E1	3,198143314E1
4,000000000E-2	-5,769711273E1	3,197738656E1
5,000000000E-2	-5,768374253E1	3,196420777E1
6,000000000E-2	-5,765242125E1	3,193389401E1
7,000000000E-2	-5,753074794E1	3,188961558E1
8,000000000E-2	-5,731134806E1	3,179298242E1
9,000000000E-2	-5,706485373E1	3,168921767E1
1,000000000E-1	-5,678593897E1	3,154928065E1
1,100000000E-1	-5,639962526E1	3,138842281E1
1,200000000E-1	-5,611204920E1	3,119088148E1
1,300000000E-1	-5,574478648E1	3,101672660E1
1,400000000E-1	-5,535254448E1	3,081240830E1
1,500000000E-1	-5,495789129E1	3,060566806E1
1,600000000E-1	-5,453713083E1	3,038647146E1
1,700000000E-1	-5,409675052E1	3,015865503E1
1,800000000E-1	-5,362499996E1	2,990631946E1
1,900000000E-1	-5,314647382E1	2,964554619E1
2,000000000E-1	-5,263976600E1	2,936470459E1
2,100000000E-1	-5,209989589E1	2,907310668E1
2,200000000E-1	-5,157976006E1	2,877894428E1
2,300000000E-1	-5,099899876E1	2,848760414E1
2,400000000E-1	-5,040172078E1	2,818169143E1
2,500000000E-1	-4,979514829E1	2,785647542E1
2,600000000E-1	-4,917096670E1	2,753243795E1
2,700000000E-1	-4,852473648E1	2,720610129E1
2,800000000E-1	-4,780471736E1	2,682789224E1
2,900000000E-1	-4,713491180E1	2,648876289E1
3,000000000E-1	-4,638835397E1	2,610152947E1
3,100000000E-1	-4,567824550E1	2,573981005E1
3,200000000E-1	-4,489563032E1	2,534322677E1
3,300000000E-1	-4,409990579E1	2,492093188E1
3,400000000E-1	-4,327769066E1	2,449627924E1
3,500000000E-1	-4,244336976E1	2,407163807E1
3,600000000E-1	-4,162438660E1	2,365378876E1
3,700000000E-1	-4,074787576E1	2,322094795E1
3,800000000E-1	-3,986628435E1	2,279700960E1
3,900000000E-1	-3,902646928E1	2,251845526E1
4,000000000E-1	-3,799197107E1	2,244875328E1
4,100000000E-1	-3,698145083E1	2,144893784E1
4,200000000E-1	-3,607813614E1	2,091623511E1
4,300000000E-1	-3,510086885E1	2,043802741E1
4,400000000E-1	-3,407786194E1	1,993712019E1
4,500000000E-1	-3,306186107E1	1,943326565E1
4,600000000E-1	-3,202974996E1	1,891749785E1
4,700000000E-1	-3,095718540E1	1,838096838E1
4,800000000E-1	-2,987662661E1	1,783155573E1
4,900000000E-1	-2,877321141E1	1,729734907E1
5,000000000E-1	-2,764657734E1	1,673111641E1
5,100000000E-1	-2,648397830E1	1,615727481E1
5,200000000E-1	-2,531595185E1	1,555383671E1
5,300000000E-1	-2,414965926E1	1,495150659E1
5,400000000E-1	-2,296772980E1	1,433508504E1
5,500000000E-1	-2,178328741E1	1,371144067E1
5,600000000E-1	-2,054969836E1	1,307849887E1
5,700000000E-1	-1,936560203E1	1,256325279E1
5,800000000E-1	-1,789812154E1	1,179349565E1
5,900000000E-1	-1,673383404E1	1,103218175E1
6,000000000E-1	-1,539969510E1	1,032715175E1
6,100000000E-1	-1,407019927E1	9,614082329E0
6,200000000E-1	-1,271527315E1	8,908311286E0
6,300000000E-1	-1,134607764E1	8,215615793E0
6,400000000E-1	-9,956939178E0	7,517798663E0
6,500000000E-1	-8,551370703E0	6,826120751E0
6,600000000E-1	-7,114774307E0	6,118694511E0
6,700000000E-1	-5,657427627E0	5,370842165E0
6,800000000E-1	-4,180941935E0	4,621390789E0
6,900000000E-1	-2,680000869E0	3,848142457E0
7,000000000E-1	-1,191888878E0	3,021818553E0
7,100000000E-1	3,162910218E-1	2,338490778E0
7,200000000E-1	2,001139421E0	1,389429158E0
7,300000000E-1	3,416950998E0	4,335678957E-1
7,400000000E-1	4,993664263E0	-4,477649055E-1
7,500000000E-1	6,602752122E0	-1,304086043E0
7,600000000E-1	8,250910781E0	-2,160362989E0
7,700000000E-1	9,896335874E0	-3,042265374E0
7,800000000E-1	1,157687303E1	-3,925492687E0
7,900000000E-1	1,326594441E1	-4,784164501E0
8,000000000E-1	1,495641837E1	-5,649448040E0
8,100000000E-1	1,671668743E1	-6,538815507E0
8,200000000E-1	1,848915248E1	-7,441971074E0
8,300000000E-1	2,025433142E1	-8,017200990E0
8,400000000E-1	2,201691703E1	-9,289132418E0
8,500000000E-1	2,380508240E1	-1,024575954E1
8,600000000E-1	2,561811321E1	-1,114393483E1
8,700000000E-1	2,745523885E1	-1,205511279E1
8,800000000E-1	2,930503028E1	-1,303108892E1
8,900000000E-1	3,119325048E1	-1,397654163E1
9,000000000E-1	3,309738514E1	-1,492408813E1
9,100000000E-1	3,501562158E1	-1,589888751E1
9,200000000E-1	3,693917615E1	-1,688533836E1
9,300000000E-1	3,886574227E1	-1,782964424E1
9,400000000E-1	4,096460720E1	-1,879710311E1
9,500000000E-1	4,280583684E1	-1,990836986E1
9,600000000E-1	4,477811038E1	-2,092798729E1
9,700000000E-1	4,678042981E1	-2,198896641E1
9,800000000E-1	4,878691377E1	-2,303963820E1
9,900000000E-1	5,082853675E1	-2,411218638E1
1,000000000E0	5,286120196E1	-2,518258695E1
1,010000000E0	5,495634538E1	-2,623117153E1
1,020000000E0	5,708127461E1	-2,730374024E1
1,030000000E0	5,909174932E1	-2,838674082E1
