mass_A
t	x	y
0,000000000E0	-5,807968781E1	3,222564957E1
1,000000000E-2	-5,807874648E1	3,222273377E1
2,000000000E-2	-5,808273906E1	3,221085323E1
3,000000000E-2	-5,797379902E1	3,213865771E1
4,000000000E-2	-5,795883930E1	3,212094184E1
5,000000000E-2	-5,793196263E1	3,210786110E1
6,000000000E-2	-5,776008311E1	3,201922979E1
7,000000000E-2	-5,758566420E1	3,192046305E1
8,000000000E-2	-5,739666397E1	3,183483856E1
9,000000000E-2	-5,723780096E1	3,170979048E1
1,000000000E-1	-5,701100673E1	3,158835026E1
1,100000000E-1	-5,680724936E1	3,146847743E1
1,200000000E-1	-5,643479619E1	3,126933112E1
1,300000000E-1	-5,605802128E1	3,108526072E1
1,400000000E-1	-5,582045409E1	3,094516385E1
1,500000000E-1	-5,544764512E1	3,073728436E1
1,600000000E-1	-5,505492641E1	3,052462942E1
1,700000000E-1	-5,464803483E1	3,030961688E1
1,800000000E-1	-5,422681119E1	3,010953592E1
1,900000000E-1	-5,368212167E1	2,980092737E1
2,000000000E-1	-5,323397575E1	2,957363970E1
2,100000000E-1	-5,268299610E1	2,928801719E1
2,200000000E-1	-5,220899301E1	2,901899858E1
2,300000000E-1	-5,162120957E1	2,873890545E1
2,400000000E-1	-5,100713284E1	2,842509766E1
2,500000000E-1	-5,039806902E1	2,810813108E1
2,600000000E-1	-4,975936116E1	2,778884007E1
2,700000000E-1	-4,914030571E1	2,746208663E1
2,800000000E-1	-4,847572809E1	2,713963072E1
2,900000000E-1	-4,768157165E1	2,676029259E1
3,000000000E-1	-4,707774344E1	2,641063598E1
3,100000000E-1	-4,628973461E1	2,599751370E1
3,200000000E-1	-4,544725491E1	2,558131110E1
3,300000000E-1	-4,478987579E1	2,523238327E1
3,400000000E-1	-4,396409622E1	2,481569364E1
3,500000000E-1	-4,311388945E1	2,439809761E1
3,600000000E-1	-4,225765792E1	2,397795559E1
3,700000000E-1	-4,139485225E1	2,354449916E1
3,800000000E-1	-4,043996350E1	2,306370429E1
3,900000000E-1	-3,956309969E1	2,262676720E1
4,000000000E-1	-3,870063442E1	2,227611947E1
4,100000000E-1	-3,748666526E1	2,167949855E1
4,200000000E-1	-3,668299947E1	2,122437711E1
4,300000000E-1	-3,562955240E1	2,071029262E1
4,400000000E-1	-3,458206120E1	2,019163601E1
4,500000000E-1	-3,348833098E1	1,967191267E1
4,600000000E-1	-3,243527810E1	1,913973603E1
4,700000000E-1	-3,137745770E1	1,860071519E1
4,800000000E-1	-3,026856655E1	1,808385465E1
4,900000000E-1	-2,917494297E1	1,751525510E1
5,000000000E-1	-2,800248149E1	1,691993526E1
5,100000000E-1	-2,689632889E1	1,637249545E1
5,200000000E-1	-2,569159451E1	1,575332560E1
5,300000000E-1	-2,452414388E1	1,518460039E1
5,400000000E-1	-2,327231541E1	1,449681127E1
5,500000000E-1	-2,202871512E1	1,386798741E1
5,600000000E-1	-2,081768035E1	1,320672838E1
5,700000000E-1	-1,953141433E1	1,252505791E1
5,800000000E-1	-1,814839165E1	1,185926032E1
5,900000000E-1	-1,690374662E1	1,103061680E1
6,000000000E-1	-1,557358676E1	1,034672433E1
6,100000000E-1	-1,422423287E1	9,648785438E0
6,200000000E-1	-1,287573233E1	8,975058910E0
6,300000000E-1	-1,150566670E1	8,222521032E0
6,400000000E-1	-1,006608462E1	7,512732832E0
6,500000000E-1	-8,625850588E0	6,799772424E0
6,600000000E-1	-7,176680079E0	6,051184128E0
6,700000000E-1	-5,693844306E0	5,299404378E0
6,800000000E-1	-4,227624957E0	4,535757633E0
6,900000000E-1	-2,716534890E0	3,746472150E0
7,000000000E-1	-1,240795889E0	2,917630587E0
7,100000000E-1	2,899780891E-1	2,064463062E0
7,200000000E-1	1,909300971E0	1,183961707E0
7,300000000E-1	3,416976065E0	2,173342398E-1
7,400000000E-1	4,993813770E0	-6,786241288E-1
7,500000000E-1	6,622418349E0	-1,557278578E0
7,600000000E-1	8,252803155E0	-2,423441458E0
7,700000000E-1	9,916121460E0	-3,309864711E0
7,800000000E-1	1,161819474E1	-4,187747180E0
7,900000000E-1	1,333390655E1	-5,086374250E0
8,000000000E-1	1,507526259E1	-5,973976080E0
8,100000000E-1	1,683872700E1	-6,884501016E0
8,200000000E-1	1,862360507E1	-7,803843994E0
8,300000000E-1	2,045655490E1	-8,549390985E0
8,400000000E-1	2,219360503E1	-9,676840373E0
8,500000000E-1	2,403058448E1	-1,061197721E1
8,600000000E-1	2,589193413E1	-1,157003773E1
8,700000000E-1	2,776303832E1	-1,253905113E1
8,800000000E-1	2,966692130E1	-1,349517428E1
8,900000000E-1	3,157554697E1	-1,445063906E1
9,000000000E-1	3,347796159E1	-1,539592710E1
9,100000000E-1	3,543376695E1	-1,634433524E1
9,200000000E-1	3,740754941E1	-1,737866872E1
9,300000000E-1	3,943786222E1	-1,823084774E1
9,400000000E-1	4,137706433E1	-1,939951848E1
9,500000000E-1	4,336908992E1	-2,041489541E1
9,600000000E-1	4,537248042E1	-2,145985177E1
9,700000000E-1	4,738869796E1	-2,253031495E1
9,800000000E-1	4,941746976E1	-2,364374532E1
9,900000000E-1	5,148797387E1	-2,472268847E1
1,000000000E0	5,355551123E1	-2,583115547E1
1,010000000E0	5,566531643E1	-2,689030198E1
1,020000000E0	5,778655338E1	-2,795564470E1
