mass_A
t	x	y
0,000000000E0	-5,844728078E1	3,247071154E1
1,000000000E-2	-5,844396828E1	3,247029631E1
2,000000000E-2	-5,843602603E1	3,246782463E1
3,000000000E-2	-5,842975696E1	3,246259799E1
4,000000000E-2	-5,841514037E1	3,245549689E1
5,000000000E-2	-5,827599075E1	3,237229752E1
6,000000000E-2	-5,823044771E1	3,235284262E1
7,000000000E-2	-5,806951908E1	3,225767490E1
8,000000000E-2	-5,788624933E1	3,218560481E1
9,000000000E-2	-5,769757391E1	3,207956996E1
1,000000000E-1	-5,748088589E1	3,196607864E1
1,100000000E-1	-5,724567750E1	3,183537700E1
1,200000000E-1	-5,691674377E1	3,165572240E1
1,300000000E-1	-5,663652947E1	3,147512538E1
1,400000000E-1	-5,630289892E1	3,129384831E1
1,500000000E-1	-5,592176980E1	3,109162651E1
1,600000000E-1	-5,554966329E1	3,088445425E1
1,700000000E-1	-5,515487136E1	3,067454253E1
1,800000000E-1	-5,474136444E1	3,045749267E1
1,900000000E-1	-5,430036179E1	3,023234901E1
2,000000000E-1	-5,380173653E1	2,996360514E1
2,100000000E-1	-5,334203470E1	2,971485358E1
2,200000000E-1	-5,282031238E1	2,942411548E1
2,300000000E-1	-5,230853333E1	2,915840517E1
2,400000000E-1	-5,174731390E1	2,887367511E1
2,500000000E-1	-5,115377210E1	2,856181388E1
2,600000000E-1	-5,052701359E1	2,823905332E1
2,700000000E-1	-4,989343450E1	2,790717529E1
2,800000000E-1	-4,924597288E1	2,756842117E1
2,900000000E-1	-4,854546668E1	2,720592475E1
3,000000000E-1	-4,785358617E1	2,687238959E1
3,100000000E-1	-4,711403778E1	2,649025933E1
3,200000000E-1	-4,640628583E1	2,612047167E1
3,300000000E-1	-4,563934334E1	2,572459766E1
3,400000000E-1	-4,482815462E1	2,532440514E1
3,500000000E-1	-4,403261774E1	2,488811473E1
3,600000000E-1	-4,321522311E1	2,448184372E1
3,700000000E-1	-4,238767172E1	2,404738806E1
3,800000000E-1	-4,153425079E1	2,362354633E1
3,900000000E-1	-4,068462528E1	2,318822578E1
4,000000000E-1	-3,981658758E1	2,275617458E1
4,100000000E-1	-3,885427123E1	2,245313554E1
4,200000000E-1	-3,771916392E1	2,185096083E1
4,300000000E-1	-3,687576396E1	2,130017435E1
4,400000000E-1	-3,589146192E1	2,081083727E1
4,500000000E-1	-3,484589408E1	2,032325409E1
4,600000000E-1	-3,380788994E1	1,982019172E1
4,700000000E-1	-3,277507992E1	1,928491217E1
4,800000000E-1	-3,172709942E1	1,875220679E1
4,900000000E-1	-3,065334517E1	1,822322098E1
5,000000000E-1	-2,956246635E1	1,768991706E1
5,100000000E-1	-2,846015770E1	1,713658867E1
5,200000000E-1	-2,730225631E1	1,653939435E1
5,300000000E-1	-2,613637488E1	1,590792525E1
5,400000000E-1	-2,495520018E1	1,534364528E1
5,500000000E-1	-2,373717987E1	1,471342169E1
5,600000000E-1	-2,251699371E1	1,408831725E1
5,700000000E-1	-2,128910734E1	1,342895852E1
5,800000000E-1	-2,003147614E1	1,274151462E1
5,900000000E-1	-1,868007882E1	1,215563392E1
6,000000000E-1	-1,745254387E1	1,136653582E1
6,100000000E-1	-1,613842881E1	1,064331515E1
6,200000000E-1	-1,482060790E1	9,914715597E0
6,300000000E-1	-1,345158166E1	9,227838174E0
6,400000000E-1	-1,204707854E1	8,515564689E0
6,500000000E-1	-1,063232764E1	7,807506071E0
6,600000000E-1	-9,241926458E0	7,079894343E0
6,700000000E-1	-7,788103386E0	6,371104770E0
6,800000000E-1	-6,355620332E0	5,647893517E0
6,900000000E-1	-4,885292620E0	4,877344633E0
7,000000000E-1	-3,358943723E0	4,078096574E0
7,100000000E-1	-1,827345278E0	3,273068356E0
7,200000000E-1	-2,824163532E-1	2,413815658E0
7,300000000E-1	1,393161163E0	1,628942735E0
7,400000000E-1	2,821562967E0	6,036141953E-1
7,500000000E-1	4,384020884E0	-2,562112083E-1
7,600000000E-1	5,974705868E0	-1,125971575E0
7,700000000E-1	7,605181392E0	-1,997526090E0
7,800000000E-1	9,284547457E0	-2,862184886E0
7,900000000E-1	1,094646812E1	-3,743875639E0
8,000000000E-1	1,264530172E1	-4,606712696E0
8,100000000E-1	1,433953714E1	-5,486987340E0
8,200000000E-1	1,605334564E1	-6,365197545E0
8,300000000E-1	1,782350588E1	-7,296246667E0
8,400000000E-1	1,962905515E1	-8,026915292E0
8,500000000E-1	2,138447542E1	-9,152355041E0
8,600000000E-1	2,318903545E1	-1,009795097E1
8,700000000E-1	2,501662636E1	-1,096845876E1
8,800000000E-1	2,684893202E1	-1,179526316E1
8,900000000E-1	2,869080020E1	-1,272807543E1
9,000000000E-1	3,055071734E1	-1,377095656E1
9,100000000E-1	3,245129850E1	-1,481111699E1
9,200000000E-1	3,438038831E1	-1,578488595E1
9,300000000E-1	3,632915008E1	-1,673333205E1
9,400000000E-1	3,824605275E1	-1,770941338E1
9,500000000E-1	4,031578480E1	-1,853673523E1
9,600000000E-1	4,218084643E1	-1,976117939E1
9,700000000E-1	4,417790043E1	-2,082511654E1
9,800000000E-1	4,617840854E1	-2,188800952E1
9,900000000E-1	4,817763234E1	-2,292756460E1
1,000000000E0	5,018898658E1	-2,400378876E1
1,010000000E0	5,222919986E1	-2,508324002E1
1,020000000E0	5,431676899E1	-2,616281761E1
1,030000000E0	5,645172451E1	-2,723239723E1
1,040000000E0	5,853197189E1	-2,827405311E1
