mass_A
t	x	y
0,000000000E0	-5,832474979E1	3,234818055E1
1,000000000E-2	-5,832220275E1	3,234795070E1
2,000000000E-2	-5,832000157E1	3,234607849E1
3,000000000E-2	-5,831488322E1	3,234537836E1
4,000000000E-2	-5,829590855E1	3,233902513E1
5,000000000E-2	-5,826824946E1	3,230626075E1
6,000000000E-2	-5,813700733E1	3,226141171E1
7,000000000E-2	-5,808427182E1	3,223770493E1
8,000000000E-2	-5,795421512E1	3,215050805E1
9,000000000E-2	-5,784832627E1	3,208825002E1
1,000000000E-1	-5,759797923E1	3,201896972E1
1,100000000E-1	-5,728284822E1	3,191646151E1
1,200000000E-1	-5,699439298E1	3,178546519E1
1,300000000E-1	-5,665915415E1	3,160652463E1
1,400000000E-1	-5,635090977E1	3,141212880E1
1,500000000E-1	-5,599113912E1	3,122698079E1
1,600000000E-1	-5,562219975E1	3,101745804E1
1,700000000E-1	-5,522387725E1	3,081123150E1
1,800000000E-1	-5,481245063E1	3,057591846E1
1,900000000E-1	-5,438391983E1	3,034102465E1
2,000000000E-1	-5,390741004E1	3,009160867E1
2,100000000E-1	-5,342009891E1	2,984270647E1
2,200000000E-1	-5,292623199E1	2,957703858E1
2,300000000E-1	-5,239231226E1	2,929449512E1
2,400000000E-1	-5,181384376E1	2,898047009E1
2,500000000E-1	-5,122469779E1	2,867673435E1
2,600000000E-1	-5,061092011E1	2,834898378E1
2,700000000E-1	-4,999004668E1	2,802576609E1
2,800000000E-1	-4,935743869E1	2,769775549E1
2,900000000E-1	-4,870779514E1	2,737264433E1
3,000000000E-1	-4,795257177E1	2,698301187E1
3,100000000E-1	-4,729911480E1	2,664216518E1
3,200000000E-1	-4,651543401E1	2,622583321E1
3,300000000E-1	-4,573080426E1	2,582089746E1
3,400000000E-1	-4,494933719E1	2,539379335E1
3,500000000E-1	-4,411935440E1	2,497322856E1
3,600000000E-1	-4,336280749E1	2,461046230E1
3,700000000E-1	-4,252930107E1	2,419083955E1
3,800000000E-1	-4,170065587E1	2,378439944E1
3,900000000E-1	-4,087557001E1	2,336650385E1
4,000000000E-1	-4,002193341E1	2,293630684E1
4,100000000E-1	-3,913391355E1	2,253912192E1
4,200000000E-1	-3,802598667E1	2,213913855E1
4,300000000E-1	-3,713684818E1	2,157537761E1
4,400000000E-1	-3,616189486E1	2,106281374E1
4,500000000E-1	-3,518603252E1	2,059522055E1
4,600000000E-1	-3,414420938E1	2,008605705E1
4,700000000E-1	-3,310213978E1	1,955103172E1
4,800000000E-1	-3,202821786E1	1,903525960E1
4,900000000E-1	-3,094366016E1	1,851174269E1
5,000000000E-1	-2,987330637E1	1,797254238E1
5,100000000E-1	-2,876468561E1	1,740040272E1
5,200000000E-1	-2,764685612E1	1,682054480E1
5,300000000E-1	-2,649053297E1	1,627299850E1
5,400000000E-1	-2,528897655E1	1,566502800E1
5,500000000E-1	-2,408259351E1	1,503996051E1
5,600000000E-1	-2,285764342E1	1,440228311E1
5,700000000E-1	-2,161513245E1	1,372284017E1
5,800000000E-1	-2,035426571E1	1,305430283E1
5,900000000E-1	-1,905768452E1	1,248071282E1
6,000000000E-1	-1,774002098E1	1,176292454E1
6,100000000E-1	-1,647345568E1	1,092739380E1
6,200000000E-1	-1,514231021E1	1,023199025E1
6,300000000E-1	-1,376827807E1	9,545997684E0
6,400000000E-1	-1,237290709E1	8,817007080E0
6,500000000E-1	-1,095186785E1	8,096714978E0
6,600000000E-1	-9,497997900E0	7,368325096E0
6,700000000E-1	-8,058579912E0	6,626110754E0
6,800000000E-1	-6,594307218E0	5,875579381E0
6,900000000E-1	-5,130981557E0	5,116739695E0
7,000000000E-1	-3,630865022E0	4,359338862E0
7,100000000E-1	-2,126136609E0	3,557058633E0
7,200000000E-1	-5,910997091E-1	2,692784843E0
7,300000000E-1	1,038614676E0	1,974656309E0
7,400000000E-1	2,535312740E0	9,031783600E-1
7,500000000E-1	4,128641403E0	1,388577096E-2
7,600000000E-1	5,694645000E0	-8,803830930E-1
7,700000000E-1	7,319138948E0	-1,759702895E0
7,800000000E-1	8,958735321E0	-2,642363362E0
7,900000000E-1	1,063645171E1	-3,514950670E0
8,000000000E-1	1,234178848E1	-4,405479050E0
8,100000000E-1	1,409186655E1	-5,278035437E0
8,200000000E-1	1,580791550E1	-6,185163558E0
8,300000000E-1	1,757594245E1	-7,081921220E0
8,400000000E-1	1,932166148E1	-7,974723603E0
8,500000000E-1	2,118555504E1	-8,842721093E0
8,600000000E-1	2,291417484E1	-9,924922438E0
8,700000000E-1	2,474934111E1	-1,081250029E1
8,800000000E-1	2,663368691E1	-1,167665253E1
8,900000000E-1	2,850872651E1	-1,261792101E1
9,000000000E-1	3,035481352E1	-1,365729169E1
9,100000000E-1	3,225066948E1	-1,467838871E1
9,200000000E-1	3,416926990E1	-1,564888516E1
9,300000000E-1	3,615405631E1	-1,663207887E1
9,400000000E-1	3,808697789E1	-1,759885567E1
9,500000000E-1	4,010680704E1	-1,840808023E1
9,600000000E-1	4,200001333E1	-1,960758199E1
9,700000000E-1	4,397337306E1	-2,064947333E1
9,800000000E-1	4,598522842E1	-2,173247968E1
9,900000000E-1	4,801124624E1	-2,278443082E1
1,000000000E0	5,004631672E1	-2,384513698E1
1,010000000E0	5,211324901E1	-2,492462973E1
1,020000000E0	5,421070710E1	-2,597394371E1
1,030000000E0	5,632788424E1	-2,707613365E1
1,040000000E0	5,844237411E1	-2,817398383E1
