mass_A
t	x	y
0,000000000E0	-5,807968781E1	3,222564957E1
1,000000000E-2	-5,807741519E1	3,222304911E1
2,000000000E-2	-5,806887053E1	3,222108641E1
3,000000000E-2	-5,805553448E1	3,222010748E1
4,000000000E-2	-5,804253551E1	3,221356046E1
5,000000000E-2	-5,789833715E1	3,212712942E1
6,000000000E-2	-5,785928263E1	3,211673316E1
7,000000000E-2	-5,768366466E1	3,202010722E1
8,000000000E-2	-5,763795622E1	3,200371080E1
9,000000000E-2	-5,746137176E1	3,189936646E1
1,000000000E-1	-5,725977015E1	3,179327905E1
1,100000000E-1	-5,703456016E1	3,166995099E1
1,200000000E-1	-5,671283182E1	3,148624720E1
1,300000000E-1	-5,640551560E1	3,131408990E1
1,400000000E-1	-5,608503475E1	3,113420195E1
1,500000000E-1	-5,571939602E1	3,094416107E1
1,600000000E-1	-5,531658933E1	3,072705285E1
1,700000000E-1	-5,490027844E1	3,051072539E1
1,800000000E-1	-5,446747655E1	3,029324325E1
1,900000000E-1	-5,395931081E1	3,004078723E1
2,000000000E-1	-5,350012519E1	2,979452623E1
2,100000000E-1	-5,296040348E1	2,951808563E1
2,200000000E-1	-5,247496868E1	2,924492163E1
2,300000000E-1	-5,190792359E1	2,895523880E1
2,400000000E-1	-5,132738519E1	2,864162194E1
2,500000000E-1	-5,071944526E1	2,831584713E1
2,600000000E-1	-5,011540127E1	2,800119859E1
2,700000000E-1	-4,948724386E1	2,767242508E1
2,800000000E-1	-4,877334347E1	2,729457241E1
2,900000000E-1	-4,812414619E1	2,695052747E1
3,000000000E-1	-4,743101915E1	2,659430428E1
3,100000000E-1	-4,666492224E1	2,621378231E1
3,200000000E-1	-4,594319103E1	2,585530828E1
3,300000000E-1	-4,512464494E1	2,545316074E1
3,400000000E-1	-4,433065744E1	2,504634844E1
3,500000000E-1	-4,350995286E1	2,461753302E1
3,600000000E-1	-4,266830184E1	2,419641202E1
3,700000000E-1	-4,181047900E1	2,377720265E1
3,800000000E-1	-4,093056254E1	2,334990973E1
3,900000000E-1	-4,002913122E1	2,290915061E1
4,000000000E-1	-3,908745050E1	2,244566574E1
4,100000000E-1	-3,800352716E1	2,199732743E1
4,200000000E-1	-3,711851850E1	2,144956879E1
4,300000000E-1	-3,608797010E1	2,096036867E1
4,400000000E-1	-3,511859974E1	2,048580195E1
4,500000000E-1	-3,410475368E1	1,996871990E1
4,600000000E-1	-3,304725244E1	1,943372046E1
4,700000000E-1	-3,198743411E1	1,889638232E1
4,800000000E-1	-3,088278601E1	1,837028096E1
4,900000000E-1	-2,977267939E1	1,783170165E1
5,000000000E-1	-2,860509711E1	1,726950011E1
5,100000000E-1	-2,749107907E1	1,666252156E1
5,200000000E-1	-2,631473472E1	1,607061886E1
5,300000000E-1	-2,510824661E1	1,546927571E1
5,400000000E-1	-2,395988021E1	1,485864521E1
5,500000000E-1	-2,270349099E1	1,419265092E1
5,600000000E-1	-2,147309527E1	1,351929652E1
5,700000000E-1	-2,017466358E1	1,283437426E1
5,800000000E-1	-1,881876312E1	1,218523639E1
5,900000000E-1	-1,753649645E1	1,142172046E1
6,000000000E-1	-1,620071042E1	1,066546699E1
6,100000000E-1	-1,482438604E1	9,956178333E0
6,200000000E-1	-1,342257829E1	9,250232071E0
6,300000000E-1	-1,204429374E1	8,509858918E0
6,400000000E-1	-1,059744809E1	7,779089474E0
6,500000000E-1	-9,138702253E0	7,002467280E0
6,600000000E-1	-7,634916875E0	6,267242841E0
6,700000000E-1	-6,133379770E0	5,554752307E0
6,800000000E-1	-4,644439767E0	4,761136213E0
6,900000000E-1	-3,130455539E0	3,993889515E0
7,000000000E-1	-1,615624952E0	3,175263021E0
7,100000000E-1	-5,526985504E-2	2,323834440E0
7,200000000E-1	1,582440947E0	1,509868252E0
7,300000000E-1	3,132556796E0	5,378328221E-1
7,400000000E-1	4,741840129E0	-3,442978355E-1
7,500000000E-1	6,371346663E0	-1,224341211E0
7,600000000E-1	8,021627056E0	-2,080709375E0
7,700000000E-1	9,693819404E0	-2,936755931E0
7,800000000E-1	1,139718368E1	-3,791512025E0
7,900000000E-1	1,310809753E1	-4,708499481E0
8,000000000E-1	1,487113579E1	-5,612165575E0
8,100000000E-1	1,665956358E1	-6,491242032E0
8,200000000E-1	1,839464642E1	-7,423092086E0
8,300000000E-1	2,020938515E1	-8,209537561E0
8,400000000E-1	2,195765787E1	-9,310079736E0
8,500000000E-1	2,376844498E1	-1,027907313E1
8,600000000E-1	2,564638553E1	-1,115375745E1
8,700000000E-1	2,754232527E1	-1,204482231E1
8,800000000E-1	2,937326869E1	-1,307627301E1
8,900000000E-1	3,125534317E1	-1,411340498E1
9,000000000E-1	3,315262203E1	-1,506582231E1
9,100000000E-1	3,509534303E1	-1,606247570E1
9,200000000E-1	3,706269781E1	-1,701945679E1
9,300000000E-1	3,900642777E1	-1,800213004E1
9,400000000E-1	4,097607533E1	-1,901299788E1
9,500000000E-1	4,290902969E1	-2,013827706E1
9,600000000E-1	4,488392275E1	-2,119317412E1
9,700000000E-1	4,689943069E1	-2,225966670E1
9,800000000E-1	4,896051453E1	-2,334441597E1
9,900000000E-1	5,099739616E1	-2,446119510E1
1,000000000E0	5,305380057E1	-2,555647549E1
1,010000000E0	5,516539117E1	-2,658798149E1
1,020000000E0	5,729465382E1	-2,762197544E1
1,030000000E0	5,942373432E1	-2,872568480E1
