mass_A
t	x	y
0,000000000E0	-5,820221880E1	3,247071154E1
1,000000000E-2	-5,819042149E1	3,246890878E1
2,000000000E-2	-5,815718240E1	3,246572183E1
3,000000000E-2	-5,800515563E1	3,238194128E1
4,000000000E-2	-5,795936932E1	3,236533023E1
5,000000000E-2	-5,780177608E1	3,227127814E1
6,000000000E-2	-5,775007277E1	3,224883275E1
7,000000000E-2	-5,756734308E1	3,214961543E1
8,000000000E-2	-5,737684701E1	3,204168178E1
9,000000000E-2	-5,700350154E1	3,186546378E1
1,000000000E-1	-5,679954756E1	3,172306248E1
1,100000000E-1	-5,646076010E1	3,153745988E1
1,200000000E-1	-5,611222702E1	3,132326466E1
1,300000000E-1	-5,572865826E1	3,112686540E1
1,400000000E-1	-5,534656268E1	3,089907000E1
1,500000000E-1	-5,495044111E1	3,067334575E1
1,600000000E-1	-5,452616004E1	3,044773987E1
1,700000000E-1	-5,407998153E1	3,021071971E1
1,800000000E-1	-5,355285063E1	2,994363894E1
1,900000000E-1	-5,309591225E1	2,970657258E1
2,000000000E-1	-5,253721053E1	2,940472261E1
2,100000000E-1	-5,194374171E1	2,910384355E1
2,200000000E-1	-5,133309261E1	2,878655781E1
2,300000000E-1	-5,074717865E1	2,846781501E1
2,400000000E-1	-5,011569305E1	2,814034893E1
2,500000000E-1	-4,945844054E1	2,781705828E1
2,600000000E-1	-4,882117689E1	2,746285759E1
2,700000000E-1	-4,808784821E1	2,708652204E1
2,800000000E-1	-4,741549895E1	2,675130351E1
2,900000000E-1	-4,665201895E1	2,636398949E1
3,000000000E-1	-4,594949862E1	2,600258198E1
3,100000000E-1	-4,517909704E1	2,560547054E1
3,200000000E-1	-4,437485439E1	2,518419879E1
3,300000000E-1	-4,358520943E1	2,477148566E1
3,400000000E-1	-4,276940736E1	2,434754935E1
3,500000000E-1	-4,193573160E1	2,391917724E1
3,600000000E-1	-4,106858432E1	2,350267854E1
3,700000000E-1	-4,013942119E1	2,307764228E1
3,800000000E-1	-3,923965757E1	2,268008091E1
3,900000000E-1	-3,797189033E1	2,221606137E1
4,000000000E-1	-3,724663965E1	2,168358257E1
4,100000000E-1	-3,624619737E1	2,117229769E1
4,200000000E-1	-3,517951026E1	2,066996314E1
4,300000000E-1	-3,421914594E1	2,019733831E1
4,400000000E-1	-3,320374665E1	1,967574397E1
4,500000000E-1	-3,213577193E1	1,916006621E1
4,600000000E-1	-3,108516964E1	1,862757872E1
4,700000000E-1	-3,001925062E1	1,808234408E1
4,800000000E-1	-2,884160429E1	1,749601391E1
4,900000000E-1	-2,768442472E1	1,695045991E1
5,000000000E-1	-2,651519048E1	1,632693780E1
5,100000000E-1	-2,535285105E1	1,568252124E1
5,200000000E-1	-2,410759093E1	1,505952669E1
5,300000000E-1	-2,287355027E1	1,442561971E1
5,400000000E-1	-2,165608517E1	1,377251948E1
5,500000000E-1	-2,042526349E1	1,311355284E1
5,600000000E-1	-1,911194941E1	1,251680236E1
5,700000000E-1	-1,781350411E1	1,173895358E1
5,800000000E-1	-1,649504767E1	1,104986465E1
5,900000000E-1	-1,515562624E1	1,029969947E1
6,000000000E-1	-1,377198604E1	9,557676925E0
6,100000000E-1	-1,237666682E1	8,860662115E0
6,200000000E-1	-1,100374061E1	8,164069331E0
6,300000000E-1	-9,583837503E0	7,456065591E0
6,400000000E-1	-8,165799708E0	6,714690641E0
6,500000000E-1	-6,716834279E0	5,988605231E0
6,600000000E-1	-5,226603008E0	5,298953921E0
6,700000000E-1	-3,739986537E0	4,459072707E0
6,800000000E-1	-2,235548645E0	3,651957289E0
6,900000000E-1	-7,262012388E-1	2,826771353E0
7,000000000E-1	8,978079886E-1	2,062203650E0
7,100000000E-1	2,373983884E0	1,044219400E0
7,200000000E-1	3,926562565E0	1,591181670E-1
7,300000000E-1	5,509527618E0	-7,083314784E-1
7,400000000E-1	7,153399790E0	-1,607705803E0
7,500000000E-1	8,844468867E0	-2,483710095E0
7,600000000E-1	1,053604499E1	-3,333262451E0
7,700000000E-1	1,223535675E1	-4,225336345E0
7,800000000E-1	1,395477072E1	-5,113363018E0
7,900000000E-1	1,569480127E1	-5,999278710E0
8,000000000E-1	1,745114651E1	-6,895074110E0
8,100000000E-1	1,926188149E1	-7,828380361E0
8,200000000E-1	2,111889816E1	-8,735478268E0
8,300000000E-1	2,290018513E1	-9,764379470E0
8,400000000E-1	2,472367000E1	-1,069370956E1
8,500000000E-1	2,657754061E1	-1,160332079E1
8,600000000E-1	2,840932670E1	-1,259373933E1
8,700000000E-1	3,030125280E1	-1,355793867E1
8,800000000E-1	3,224755891E1	-1,452149231E1
8,900000000E-1	3,419834792E1	-1,550458568E1
9,000000000E-1	3,616249159E1	-1,649266716E1
9,100000000E-1	3,809701663E1	-1,748237195E1
9,200000000E-1	4,014995390E1	-1,829344434E1
9,300000000E-1	4,205735414E1	-1,951260618E1
9,400000000E-1	4,408232642E1	-2,057257256E1
9,500000000E-1	4,610690293E1	-2,165736948E1
9,600000000E-1	4,813737644E1	-2,274170782E1
9,700000000E-1	5,015176263E1	-2,381460994E1
9,800000000E-1	5,222797152E1	-2,487596077E1
9,900000000E-1	5,433328900E1	-2,594412588E1
1,000000000E0	5,648202128E1	-2,707599640E1
1,010000000E0	5,859566199E1	-2,813272692E1
