mass_A
t	x	y
0,000000000E0	-5,832474979E1	3,283830450E1
1,000000000E-2	-5,832153304E1	3,283778686E1
2,000000000E-2	-5,830226337E1	3,282980812E1
3,000000000E-2	-5,829293669E1	3,281759771E1
4,000000000E-2	-5,823887392E1	3,276814909E1
5,000000000E-2	-5,818838082E1	3,273305416E1
6,000000000E-2	-5,807898021E1	3,266648447E1
7,000000000E-2	-5,798784643E1	3,260210294E1
8,000000000E-2	-5,780781606E1	3,251457096E1
9,000000000E-2	-5,756902089E1	3,240654835E1
1,000000000E-1	-5,735538091E1	3,227795550E1
1,100000000E-1	-5,707397775E1	3,208999551E1
1,200000000E-1	-5,675045542E1	3,187236839E1
1,300000000E-1	-5,641675564E1	3,165583353E1
1,400000000E-1	-5,603605997E1	3,142155945E1
1,500000000E-1	-5,564393448E1	3,122156834E1
1,600000000E-1	-5,524810186E1	3,102475023E1
1,700000000E-1	-5,483540424E1	3,082098899E1
1,800000000E-1	-5,441552220E1	3,059766086E1
1,900000000E-1	-5,397295242E1	3,034675649E1
2,000000000E-1	-5,349510845E1	3,008098332E1
2,100000000E-1	-5,302303279E1	2,981852511E1
2,200000000E-1	-5,250237898E1	2,955455892E1
2,300000000E-1	-5,196905020E1	2,927199486E1
2,400000000E-1	-5,139045908E1	2,895113960E1
2,500000000E-1	-5,079171510E1	2,864536600E1
2,600000000E-1	-5,017936789E1	2,832732974E1
2,700000000E-1	-4,954888362E1	2,798944310E1
2,800000000E-1	-4,889507929E1	2,766394809E1
2,900000000E-1	-4,820030469E1	2,732543316E1
3,000000000E-1	-4,748168157E1	2,694836334E1
3,100000000E-1	-4,675196394E1	2,653473403E1
3,200000000E-1	-4,598284333E1	2,614230682E1
3,300000000E-1	-4,521062525E1	2,576232411E1
3,400000000E-1	-4,443187804E1	2,536651467E1
3,500000000E-1	-4,359268755E1	2,494877158E1
3,600000000E-1	-4,277264718E1	2,457065522E1
3,700000000E-1	-4,193386572E1	2,414786303E1
3,800000000E-1	-4,109904969E1	2,374239766E1
3,900000000E-1	-4,024519762E1	2,331649812E1
4,000000000E-1	-3,933841751E1	2,291591254E1
4,100000000E-1	-3,829426176E1	2,249827768E1
4,200000000E-1	-3,737346114E1	2,195256353E1
4,300000000E-1	-3,639081853E1	2,142094379E1
4,400000000E-1	-3,538343246E1	2,091971264E1
4,500000000E-1	-3,437029476E1	2,039062874E1
4,600000000E-1	-3,331672489E1	1,986780540E1
4,700000000E-1	-3,225326056E1	1,935154298E1
4,800000000E-1	-3,119298772E1	1,883005088E1
4,900000000E-1	-3,012071864E1	1,827035265E1
5,000000000E-1	-2,900654005E1	1,772070760E1
5,100000000E-1	-2,788965585E1	1,717095652E1
5,200000000E-1	-2,675132326E1	1,657576626E1
5,300000000E-1	-2,555862622E1	1,599020195E1
5,400000000E-1	-2,436286966E1	1,540278669E1
5,500000000E-1	-2,311541659E1	1,475027230E1
5,600000000E-1	-2,189012632E1	1,410354851E1
5,700000000E-1	-2,066367515E1	1,345767252E1
5,800000000E-1	-1,942526676E1	1,286432724E1
5,900000000E-1	-1,807579024E1	1,212746806E1
6,000000000E-1	-1,678885277E1	1,140872732E1
6,100000000E-1	-1,546691163E1	1,072409227E1
6,200000000E-1	-1,411811050E1	9,939279962E0
6,300000000E-1	-1,271606611E1	9,207752570E0
6,400000000E-1	-1,129726927E1	8,447540760E0
6,500000000E-1	-9,855686895E0	7,722404457E0
6,600000000E-1	-8,389486878E0	7,005758716E0
6,700000000E-1	-6,912578435E0	6,273291177E0
6,800000000E-1	-5,431575096E0	5,536005370E0
6,900000000E-1	-3,940681093E0	4,751335347E0
7,000000000E-1	-2,434093548E0	3,935974060E0
7,100000000E-1	-8,974449074E-1	3,127730320E0
7,200000000E-1	6,911501435E-1	2,337239675E0
7,300000000E-1	2,265013838E0	1,329944121E0
7,400000000E-1	3,836606057E0	4,409758669E-1
7,500000000E-1	5,429632993E0	-4,483317168E-1
7,600000000E-1	7,050461904E0	-1,337240322E0
7,700000000E-1	8,698196503E0	-2,198190100E0
7,800000000E-1	1,037123996E1	-3,075933126E0
7,900000000E-1	1,209880407E1	-3,978968892E0
8,000000000E-1	1,381779663E1	-4,856378853E0
8,100000000E-1	1,557948708E1	-5,728986705E0
8,200000000E-1	1,738840229E1	-6,593616912E0
8,300000000E-1	1,908855205E1	-7,493545147E0
8,400000000E-1	2,093318414E1	-8,388942422E0
8,500000000E-1	2,266626586E1	-9,406954635E0
8,600000000E-1	2,448547083E1	-1,034669945E1
8,700000000E-1	2,636175659E1	-1,118857135E1
8,800000000E-1	2,822890596E1	-1,212562902E1
8,900000000E-1	3,006722260E1	-1,315347732E1
9,000000000E-1	3,194562131E1	-1,414402250E1
9,100000000E-1	3,385295610E1	-1,510331523E1
9,200000000E-1	3,583989632E1	-1,605956657E1
9,300000000E-1	3,776639056E1	-1,705592385E1
9,400000000E-1	3,972549664E1	-1,793602187E1
9,500000000E-1	4,166371786E1	-1,903742541E1
9,600000000E-1	4,358287022E1	-2,007599362E1
9,700000000E-1	4,559295299E1	-2,113340014E1
9,800000000E-1	4,761636950E1	-2,218941840E1
9,900000000E-1	4,962446421E1	-2,330209193E1
1,000000000E0	5,167845196E1	-2,438214006E1
1,010000000E0	5,371272202E1	-2,544231470E1
1,020000000E0	5,582237349E1	-2,645233580E1
1,030000000E0	5,791466207E1	-2,748016714E1
1,040000000E0	5,989509242E1	-2,871022458E1
