mass_A
t	x	y
0,000000000E0	-5,676940563E1	3,198620274E1
1,000000000E-2	-5,677723036E1	3,198106514E1
2,000000000E-2	-5,676805924E1	3,196990388E1
3,000000000E-2	-5,675959666E1	3,196109946E1
4,000000000E-2	-5,669328335E1	3,187857639E1
5,000000000E-2	-5,668185835E1	3,184023674E1
6,000000000E-2	-5,656942200E1	3,176516887E1
7,000000000E-2	-5,640160824E1	3,161670668E1
8,000000000E-2	-5,614927677E1	3,122722208E1
9,000000000E-2	-5,582462926E1	3,076577477E1
1,000000000E-1	-5,562774468E1	3,007714604E1
1,100000000E-1	-5,523993229E1	2,964038533E1
1,200000000E-1	-5,476052414E1	2,921752644E1
1,300000000E-1	-5,424823753E1	2,869968739E1
1,400000000E-1	-5,373643073E1	2,816675714E1
1,500000000E-1	-5,317072538E1	2,761158879E1
1,600000000E-1	-5,264159956E1	2,704359086E1
1,700000000E-1	-5,203164508E1	2,641895551E1
1,800000000E-1	-5,140921018E1	2,576894733E1
1,900000000E-1	-5,075627092E1	2,509861295E1
2,000000000E-1	-5,004480917E1	2,438375641E1
2,100000000E-1	-4,926913513E1	2,362127968E1
2,200000000E-1	-4,851657367E1	2,285441006E1
2,300000000E-1	-4,767356812E1	2,204414628E1
2,400000000E-1	-4,678872975E1	2,116622155E1
2,500000000E-1	-4,588939162E1	2,033717232E1
2,600000000E-1	-4,494296445E1	1,950058475E1
2,700000000E-1	-4,393738066E1	1,862227559E1
2,800000000E-1	-4,290879952E1	1,777674451E1
2,900000000E-1	-4,181804038E1	1,694362725E1
3,000000000E-1	-4,069144649E1	1,612198566E1
3,100000000E-1	-3,954171894E1	1,532905171E1
3,200000000E-1	-3,827201417E1	1,484142217E1
3,300000000E-1	-3,682690653E1	1,386287884E1
3,400000000E-1	-3,566880294E1	1,306461870E1
3,500000000E-1	-3,430200418E1	1,240197152E1
3,600000000E-1	-3,293595314E1	1,178017475E1
3,700000000E-1	-3,154285659E1	1,117550660E1
3,800000000E-1	-3,012727855E1	1,060090411E1
3,900000000E-1	-2,868191989E1	1,006480120E1
4,000000000E-1	-2,723424774E1	9,578272803E0
4,100000000E-1	-2,576482706E1	9,095463262E0
4,200000000E-1	-2,432864487E1	8,689515416E0
4,300000000E-1	-2,289345285E1	8,262051079E0
4,400000000E-1	-2,141484003E1	7,828942813E0
4,500000000E-1	-2,001552095E1	7,560677286E0
4,600000000E-1	-1,829220696E1	7,236867231E0
4,700000000E-1	-1,696228673E1	6,687565183E0
4,800000000E-1	-1,549112551E1	6,321829422E0
4,900000000E-1	-1,401524488E1	5,855222321E0
5,000000000E-1	-1,253822198E1	5,457702425E0
5,100000000E-1	-1,108305715E1	5,074943745E0
5,200000000E-1	-9,614612263E0	4,692388246E0
5,300000000E-1	-8,140812899E0	4,300301362E0
5,400000000E-1	-6,667023648E0	3,899800075E0
5,500000000E-1	-5,143118377E0	3,486522544E0
5,600000000E-1	-3,638970067E0	3,124601298E0
5,700000000E-1	-2,134805342E0	2,689964575E0
5,800000000E-1	-6,076321884E-1	2,305009204E0
5,900000000E-1	1,112135548E0	2,158698901E0
6,000000000E-1	2,460031210E0	1,504574241E0
6,100000000E-1	3,970248530E0	1,066687658E0
6,200000000E-1	5,475462966E0	6,247294541E-1
6,300000000E-1	7,023371888E0	1,662148359E-1
6,400000000E-1	8,580498381E0	-2,324226580E-1
6,500000000E-1	1,015270175E1	-6,914907962E-1
6,600000000E-1	1,172401091E1	-1,140046478E0
6,700000000E-1	1,332491259E1	-1,548530887E0
6,800000000E-1	1,487961576E1	-1,995513682E0
6,900000000E-1	1,648161795E1	-2,413331938E0
7,000000000E-1	1,813300688E1	-2,830843249E0
7,100000000E-1	1,981318418E1	-2,961126616E0
7,200000000E-1	2,146512841E1	-3,644707281E0
7,300000000E-1	2,310962283E1	-4,071237239E0
7,400000000E-1	2,475088088E1	-4,466802713E0
7,500000000E-1	2,640724259E1	-4,894406837E0
7,600000000E-1	2,809947945E1	-5,273142966E0
7,700000000E-1	2,980094148E1	-5,699491760E0
7,800000000E-1	3,147378395E1	-6,209679609E0
7,900000000E-1	3,317888718E1	-6,867550872E0
8,000000000E-1	3,485455438E1	-7,586971333E0
8,100000000E-1	3,654328890E1	-8,458677178E0
8,200000000E-1	3,815419975E1	-9,376507194E0
8,300000000E-1	3,976435526E1	-1,040145184E1
8,400000000E-1	4,151996530E1	-1,145579656E1
8,500000000E-1	4,301097535E1	-1,276347361E1
8,600000000E-1	4,457976098E1	-1,408872724E1
8,700000000E-1	4,621772127E1	-1,543015101E1
8,800000000E-1	4,790334196E1	-1,681425207E1
8,900000000E-1	4,957190604E1	-1,826889811E1
9,000000000E-1	5,122939738E1	-1,976175003E1
9,100000000E-1	5,291341444E1	-2,132985974E1
9,200000000E-1	5,463911187E1	-2,294487821E1
9,300000000E-1	5,640623454E1	-2,464878043E1
9,400000000E-1	5,807192332E1	-2,648659709E1
9,500000000E-1	5,973808826E1	-2,839371811E1
