mass_A
t	x	y
0,000000000E0	-5,689149037E1	3,223037223E1
1,000000000E-2	-5,689485819E1	3,223406561E1
2,000000000E-2	-5,689315274E1	3,222954460E1
3,000000000E-2	-5,688577245E1	3,221293091E1
4,000000000E-2	-5,685665810E1	3,215761503E1
5,000000000E-2	-5,678048140E1	3,204044610E1
6,000000000E-2	-5,668675587E1	3,189474609E1
7,000000000E-2	-5,642163319E1	3,162754116E1
8,000000000E-2	-5,610417816E1	3,119467548E1
9,000000000E-2	-5,580514740E1	3,028969801E1
1,000000000E-1	-5,563814373E1	2,999293003E1
1,100000000E-1	-5,522716443E1	2,956241216E1
1,200000000E-1	-5,474341480E1	2,908651726E1
1,300000000E-1	-5,424446530E1	2,855112937E1
1,400000000E-1	-5,373599411E1	2,798540861E1
1,500000000E-1	-5,315312290E1	2,737326688E1
1,600000000E-1	-5,253400293E1	2,679678745E1
1,700000000E-1	-5,192459480E1	2,615403033E1
1,800000000E-1	-5,129742485E1	2,549630394E1
1,900000000E-1	-5,059189866E1	2,476349632E1
2,000000000E-1	-4,986212065E1	2,402445629E1
2,100000000E-1	-4,910528779E1	2,327125893E1
2,200000000E-1	-4,827519467E1	2,246216629E1
2,300000000E-1	-4,742982635E1	2,163677118E1
2,400000000E-1	-4,656356022E1	2,080095754E1
2,500000000E-1	-4,564583809E1	1,993014251E1
2,600000000E-1	-4,468300040E1	1,908814142E1
2,700000000E-1	-4,366344173E1	1,822161470E1
2,800000000E-1	-4,260919265E1	1,738910317E1
2,900000000E-1	-4,152315924E1	1,657007579E1
3,000000000E-1	-4,038441382E1	1,574898623E1
3,100000000E-1	-3,923122939E1	1,498350949E1
3,200000000E-1	-3,772010396E1	1,446797281E1
3,300000000E-1	-3,663081649E1	1,346935011E1
3,400000000E-1	-3,536477425E1	1,276667843E1
3,500000000E-1	-3,402904054E1	1,213512527E1
3,600000000E-1	-3,269975610E1	1,152314341E1
3,700000000E-1	-3,132596259E1	1,095488469E1
3,800000000E-1	-2,994690676E1	1,043198996E1
3,900000000E-1	-2,851715716E1	9,894647662E0
4,000000000E-1	-2,706895114E1	9,416607579E0
4,100000000E-1	-2,565421314E1	8,952652326E0
4,200000000E-1	-2,417834676E1	8,498434299E0
4,300000000E-1	-2,278045790E1	8,101991001E0
4,400000000E-1	-2,133476287E1	7,688101654E0
4,500000000E-1	-1,996632364E1	7,490840292E0
4,600000000E-1	-1,821257146E1	7,107215982E0
4,700000000E-1	-1,697152947E1	6,549803770E0
4,800000000E-1	-1,558552287E1	6,151766854E0
4,900000000E-1	-1,413849508E1	5,731950200E0
5,000000000E-1	-1,268287742E1	5,321327885E0
5,100000000E-1	-1,125286488E1	4,957203387E0
5,200000000E-1	-9,810784104E0	4,562316319E0
5,300000000E-1	-8,355117916E0	4,188663611E0
5,400000000E-1	-6,935520937E0	3,801207474E0
5,500000000E-1	-5,509453845E0	3,430612315E0
5,600000000E-1	-4,081952882E0	3,038362230E0
5,700000000E-1	-2,619437228E0	2,672039493E0
5,800000000E-1	-1,126535014E0	2,245714693E0
5,900000000E-1	4,176884235E-1	2,234018427E0
6,000000000E-1	1,980575056E0	1,508591556E0
6,100000000E-1	3,399402532E0	1,066901768E0
6,200000000E-1	4,878488645E0	6,732882326E-1
6,300000000E-1	6,412350774E0	2,461239079E-1
6,400000000E-1	7,911243148E0	-2,266030300E-1
6,500000000E-1	9,428339904E0	-6,889627288E-1
6,600000000E-1	1,097865225E1	-1,111457488E0
6,700000000E-1	1,254646986E1	-1,528166450E0
6,800000000E-1	1,412478209E1	-1,960199533E0
6,900000000E-1	1,569824597E1	-2,353044060E0
7,000000000E-1	1,732181628E1	-2,791715262E0
7,100000000E-1	1,895703164E1	-3,052054858E0
7,200000000E-1	2,071272677E1	-3,358514212E0
7,300000000E-1	2,221142810E1	-4,004835883E0
7,400000000E-1	2,384751938E1	-4,375912235E0
7,500000000E-1	2,547735330E1	-4,793409366E0
7,600000000E-1	2,715685732E1	-5,180243025E0
7,700000000E-1	2,884140705E1	-5,588185506E0
7,800000000E-1	3,050102776E1	-6,037382064E0
7,900000000E-1	3,213718396E1	-6,622112432E0
8,000000000E-1	3,378988064E1	-7,293034611E0
8,100000000E-1	3,545393707E1	-8,052891034E0
8,200000000E-1	3,712758741E1	-8,889248350E0
8,300000000E-1	3,880524011E1	-9,856748904E0
8,400000000E-1	4,053413280E1	-1,073097810E1
8,500000000E-1	4,201388946E1	-1,208796765E1
8,600000000E-1	4,354771128E1	-1,331997400E1
8,700000000E-1	4,514679590E1	-1,462469251E1
8,800000000E-1	4,676753073E1	-1,597259537E1
8,900000000E-1	4,840112619E1	-1,734577697E1
9,000000000E-1	5,005428587E1	-1,877553906E1
9,100000000E-1	5,170334617E1	-2,036931662E1
9,200000000E-1	5,336398581E1	-2,193766131E1
9,300000000E-1	5,504698521E1	-2,355660911E1
9,400000000E-1	5,676835331E1	-2,532498139E1
9,500000000E-1	5,835543941E1	-2,706872260E1
