mass_A
t	x	y
0,000000000E0	-5,652523614E1	3,210828748E1
1,000000000E-2	-5,651071834E1	3,211048136E1
2,000000000E-2	-5,646105996E1	3,209284737E1
3,000000000E-2	-5,637267878E1	3,204971305E1
4,000000000E-2	-5,629682112E1	3,196317813E1
5,000000000E-2	-5,614419286E1	3,183145155E1
6,000000000E-2	-5,597091012E1	3,160561056E1
7,000000000E-2	-5,578077556E1	3,125165555E1
8,000000000E-2	-5,556818500E1	3,086550158E1
9,000000000E-2	-5,522659039E1	3,052356760E1
1,000000000E-1	-5,487190638E1	3,007233851E1
1,100000000E-1	-5,450229073E1	2,957236874E1
1,200000000E-1	-5,407519365E1	2,903780918E1
1,300000000E-1	-5,358449099E1	2,850239082E1
1,400000000E-1	-5,305276109E1	2,790470425E1
1,500000000E-1	-5,248412187E1	2,729347174E1
1,600000000E-1	-5,187498010E1	2,664485211E1
1,700000000E-1	-5,121634966E1	2,595351404E1
1,800000000E-1	-5,051266112E1	2,521034358E1
1,900000000E-1	-4,979356580E1	2,444964300E1
2,000000000E-1	-4,903712391E1	2,368778766E1
2,100000000E-1	-4,821630137E1	2,286461425E1
2,200000000E-1	-4,736339990E1	2,203881581E1
2,300000000E-1	-4,646691999E1	2,117486593E1
2,400000000E-1	-4,553213972E1	2,034727887E1
2,500000000E-1	-4,459772471E1	1,948896615E1
2,600000000E-1	-4,357907799E1	1,863055043E1
2,700000000E-1	-4,251594856E1	1,777826231E1
2,800000000E-1	-4,134479096E1	1,689319391E1
2,900000000E-1	-4,024493634E1	1,608597543E1
3,000000000E-1	-3,906189987E1	1,535394180E1
3,100000000E-1	-3,742989054E1	1,475586258E1
3,200000000E-1	-3,639438387E1	1,378283958E1
3,300000000E-1	-3,507155959E1	1,307179359E1
3,400000000E-1	-3,370307522E1	1,240850485E1
3,500000000E-1	-3,233075822E1	1,180344787E1
3,600000000E-1	-3,095637311E1	1,123764005E1
3,700000000E-1	-2,954933376E1	1,072719302E1
3,800000000E-1	-2,811522832E1	1,020944949E1
3,900000000E-1	-2,663555615E1	9,715292812E0
4,000000000E-1	-2,519224468E1	9,257753878E0
4,100000000E-1	-2,373201257E1	8,814200691E0
4,200000000E-1	-2,229047605E1	8,426848481E0
4,300000000E-1	-2,083107735E1	8,014960196E0
4,400000000E-1	-1,932903442E1	7,973561245E0
4,500000000E-1	-1,769559582E1	7,223196900E0
4,600000000E-1	-1,630676510E1	6,779000556E0
4,700000000E-1	-1,483968345E1	6,368412995E0
4,800000000E-1	-1,337316459E1	5,950176077E0
4,900000000E-1	-1,192235501E1	5,576716877E0
5,000000000E-1	-1,044840306E1	5,181757666E0
5,100000000E-1	-8,957125460E0	4,797251781E0
5,200000000E-1	-7,497222794E0	4,403818414E0
5,300000000E-1	-6,018304558E0	4,004251039E0
5,400000000E-1	-4,538379747E0	3,610380152E0
5,500000000E-1	-3,051961019E0	3,193230860E0
5,600000000E-1	-1,528481105E0	2,775873198E0
5,700000000E-1	-9,435299467E-2	2,638752393E0
5,800000000E-1	1,609720873E0	2,186145733E0
5,900000000E-1	2,926174758E0	1,615866636E0
6,000000000E-1	4,416203378E0	1,192754124E0
6,100000000E-1	5,883088494E0	7,818887363E-1
6,200000000E-1	7,349558400E0	3,385060545E-1
6,300000000E-1	8,838129440E0	-9,918848546E-2
6,400000000E-1	1,036922940E1	-5,112975010E-1
6,500000000E-1	1,188646969E1	-9,047331594E-1
6,600000000E-1	1,339702258E1	-1,335278364E0
6,700000000E-1	1,490635942E1	-1,749819647E0
6,800000000E-1	1,642945912E1	-2,150935829E0
6,900000000E-1	1,795361525E1	-2,527880846E0
7,000000000E-1	1,952256865E1	-2,623617596E0
7,100000000E-1	2,120857507E1	-3,191336205E0
7,200000000E-1	2,265470745E1	-3,691141505E0
7,300000000E-1	2,424086166E1	-4,049387651E0
7,400000000E-1	2,579846453E1	-4,464145061E0
7,500000000E-1	2,738001494E1	-4,889895120E0
7,600000000E-1	2,897407468E1	-5,338355875E0
7,700000000E-1	3,056329707E1	-5,844874824E0
7,800000000E-1	3,214153412E1	-6,401880777E0
7,900000000E-1	3,373118417E1	-7,036083195E0
8,000000000E-1	3,531443150E1	-7,734146568E0
8,100000000E-1	3,689985211E1	-8,512028177E0
8,200000000E-1	3,848228757E1	-9,411923124E0
8,300000000E-1	4,009466009E1	-1,014503064E1
8,400000000E-1	4,173261001E1	-1,125303453E1
8,500000000E-1	4,309772411E1	-1,252269989E1
8,600000000E-1	4,461358041E1	-1,375987591E1
8,700000000E-1	4,616675996E1	-1,505373908E1
8,800000000E-1	4,774224094E1	-1,640111807E1
8,900000000E-1	4,932085094E1	-1,779154871E1
9,000000000E-1	5,089943326E1	-1,922419405E1
9,100000000E-1	5,252901444E1	-2,069149058E1
9,200000000E-1	5,416183539E1	-2,228996337E1
9,300000000E-1	5,582640464E1	-2,393425218E1
9,400000000E-1	5,743847412E1	-2,563875747E1
9,500000000E-1	5,908765060E1	-2,739702291E1
