mass_A
t	x	y
0,000000000E0	-5,689149037E1	3,223037223E1
1,000000000E-2	-5,690457012E1	3,223144493E1
2,000000000E-2	-5,691173543E1	3,222325590E1
3,000000000E-2	-5,689834013E1	3,222595217E1
4,000000000E-2	-5,690665280E1	3,218605138E1
5,000000000E-2	-5,686443077E1	3,213276380E1
6,000000000E-2	-5,678807425E1	3,200740495E1
7,000000000E-2	-5,663301539E1	3,186071782E1
8,000000000E-2	-5,635816710E1	3,151573988E1
9,000000000E-2	-5,601685997E1	3,109665150E1
1,000000000E-1	-5,583164510E1	3,039827926E1
1,100000000E-1	-5,562764409E1	3,010353027E1
1,200000000E-1	-5,522644001E1	2,967249124E1
1,300000000E-1	-5,474741864E1	2,922791230E1
1,400000000E-1	-5,423798512E1	2,870546314E1
1,500000000E-1	-5,379175629E1	2,821963823E1
1,600000000E-1	-5,322261198E1	2,762748731E1
1,700000000E-1	-5,267366396E1	2,705680880E1
1,800000000E-1	-5,207387289E1	2,643007866E1
1,900000000E-1	-5,144260205E1	2,578362579E1
2,000000000E-1	-5,076578349E1	2,510666939E1
2,100000000E-1	-5,005861845E1	2,436311794E1
2,200000000E-1	-4,932058609E1	2,361456172E1
2,300000000E-1	-4,856834193E1	2,285090284E1
2,400000000E-1	-4,774320111E1	2,203181060E1
2,500000000E-1	-4,687880633E1	2,121068589E1
2,600000000E-1	-4,597116333E1	2,035260399E1
2,700000000E-1	-4,502940434E1	1,950009106E1
2,800000000E-1	-4,405207682E1	1,866689720E1
2,900000000E-1	-4,300648905E1	1,781275703E1
3,000000000E-1	-4,193110744E1	1,698758312E1
3,100000000E-1	-4,081771831E1	1,615587666E1
3,200000000E-1	-3,963701179E1	1,532449142E1
3,300000000E-1	-3,849741878E1	1,485625514E1
3,400000000E-1	-3,701101036E1	1,392948022E1
3,500000000E-1	-3,585313831E1	1,310929680E1
3,600000000E-1	-3,452181883E1	1,242053541E1
3,700000000E-1	-3,316949253E1	1,181649358E1
3,800000000E-1	-3,178847719E1	1,121347003E1
3,900000000E-1	-3,040436736E1	1,066178972E1
4,000000000E-1	-2,900035747E1	1,014332865E1
4,100000000E-1	-2,756579626E1	9,627761479E0
4,200000000E-1	-2,617380667E1	9,184716382E0
4,300000000E-1	-2,477905398E1	8,754062562E0
4,400000000E-1	-2,334369258E1	8,323557502E0
4,500000000E-1	-2,192702227E1	7,930246404E0
4,600000000E-1	-2,052455471E1	7,534799606E0
4,700000000E-1	-1,892009137E1	7,467679020E0
4,800000000E-1	-1,753206580E1	6,729643132E0
4,900000000E-1	-1,610252978E1	6,330854538E0
5,000000000E-1	-1,462095528E1	5,937089180E0
5,100000000E-1	-1,321654789E1	5,544576532E0
5,200000000E-1	-1,178296949E1	5,166231530E0
5,300000000E-1	-1,032493899E1	4,777247917E0
5,400000000E-1	-8,857117144E0	4,382242216E0
5,500000000E-1	-7,433158114E0	4,008212769E0
5,600000000E-1	-5,970707711E0	3,623577353E0
5,700000000E-1	-4,496087601E0	3,228580569E0
5,800000000E-1	-3,031046675E0	2,818273457E0
5,900000000E-1	-1,563865157E0	2,407320205E0
6,000000000E-1	-1,201371256E-1	2,280006084E0
6,100000000E-1	1,576760202E0	1,780000318E0
6,200000000E-1	2,935669611E0	1,201755825E0
6,300000000E-1	4,452860765E0	7,650383478E-1
6,400000000E-1	5,955506072E0	3,577924538E-1
6,500000000E-1	7,500649692E0	-6,610666686E-2
6,600000000E-1	9,037865012E0	-5,107244901E-1
6,700000000E-1	1,058801752E1	-9,195369505E-1
6,800000000E-1	1,212402337E1	-1,340291483E0
6,900000000E-1	1,369416467E1	-1,777310577E0
7,000000000E-1	1,527340409E1	-2,191720095E0
7,100000000E-1	1,687772709E1	-2,606251742E0
7,200000000E-1	1,852543625E1	-2,998045607E0
7,300000000E-1	2,028250664E1	-3,065041906E0
7,400000000E-1	2,180219847E1	-3,822775448E0
7,500000000E-1	2,342248561E1	-4,222503921E0
7,600000000E-1	2,504493664E1	-4,647378475E0
7,700000000E-1	2,668275530E1	-5,085567512E0
7,800000000E-1	2,833687736E1	-5,494207149E0
7,900000000E-1	3,000259931E1	-5,984926047E0
8,000000000E-1	3,166930247E1	-6,586484104E0
8,100000000E-1	3,333893165E1	-7,259905866E0
8,200000000E-1	3,499733037E1	-7,954860923E0
8,300000000E-1	3,664183356E1	-8,710926574E0
8,400000000E-1	3,829215001E1	-9,557865219E0
8,500000000E-1	3,992263975E1	-1,038935503E1
8,600000000E-1	4,160158745E1	-1,142759989E1
8,700000000E-1	4,315312660E1	-1,266145340E1
8,800000000E-1	4,475398130E1	-1,389707957E1
8,900000000E-1	4,633945839E1	-1,523228798E1
9,000000000E-1	4,790177390E1	-1,667358168E1
9,100000000E-1	4,945742259E1	-1,819008992E1
9,200000000E-1	5,104065623E1	-1,974854373E1
9,300000000E-1	5,270879634E1	-2,127751721E1
9,400000000E-1	5,438129948E1	-2,290115466E1
9,500000000E-1	5,611617863E1	-2,467937067E1
9,600000000E-1	5,773750915E1	-2,640945738E1
9,700000000E-1	5,936888735E1	-2,818335191E1
