mass_A
t	x	y
0,000000000E0	-5,676940563E1	3,210828748E1
1,000000000E-2	-5,676855302E1	3,210134807E1
2,000000000E-2	-5,676753408E1	3,208726431E1
3,000000000E-2	-5,671657406E1	3,197812453E1
4,000000000E-2	-5,660488486E1	3,187472456E1
5,000000000E-2	-5,643204213E1	3,170200741E1
6,000000000E-2	-5,620074816E1	3,139267401E1
7,000000000E-2	-5,598534052E1	3,097735688E1
8,000000000E-2	-5,581178209E1	3,031304916E1
9,000000000E-2	-5,549179771E1	2,994194080E1
1,000000000E-1	-5,509211666E1	2,948990225E1
1,100000000E-1	-5,467450504E1	2,903870004E1
1,200000000E-1	-5,419404282E1	2,857423371E1
1,300000000E-1	-5,368843105E1	2,803000961E1
1,400000000E-1	-5,317661805E1	2,747724884E1
1,500000000E-1	-5,258298992E1	2,684802604E1
1,600000000E-1	-5,200325259E1	2,624803095E1
1,700000000E-1	-5,138770211E1	2,558934581E1
1,800000000E-1	-5,069004124E1	2,486509905E1
1,900000000E-1	-5,002919496E1	2,419263270E1
2,000000000E-1	-4,929329977E1	2,345407213E1
2,100000000E-1	-4,846418376E1	2,265326295E1
2,200000000E-1	-4,769803191E1	2,189654143E1
2,300000000E-1	-4,681558316E1	2,104937928E1
2,400000000E-1	-4,588331536E1	2,026158109E1
2,500000000E-1	-4,494862287E1	1,940078293E1
2,600000000E-1	-4,395006882E1	1,853869386E1
2,700000000E-1	-4,292730394E1	1,767280016E1
2,800000000E-1	-4,183136190E1	1,684828671E1
2,900000000E-1	-4,070213917E1	1,602847109E1
3,000000000E-1	-3,950949390E1	1,519070684E1
3,100000000E-1	-3,822052274E1	1,474126299E1
3,200000000E-1	-3,684249306E1	1,374076860E1
3,300000000E-1	-3,569356646E1	1,296937560E1
3,400000000E-1	-3,437478590E1	1,231184014E1
3,500000000E-1	-3,303145324E1	1,168365386E1
3,600000000E-1	-3,165878030E1	1,107881792E1
3,700000000E-1	-3,027960128E1	1,054247572E1
3,800000000E-1	-2,886964617E1	1,002614753E1
3,900000000E-1	-2,745283396E1	9,511318620E0
4,000000000E-1	-2,604668871E1	9,062088346E0
4,100000000E-1	-2,463706473E1	8,630974468E0
4,200000000E-1	-2,319614363E1	8,206998735E0
4,300000000E-1	-2,173069908E1	7,811613912E0
4,400000000E-1	-2,036912627E1	7,473407453E0
4,500000000E-1	-1,854596986E1	7,305000254E0
4,600000000E-1	-1,740593748E1	6,644312612E0
4,700000000E-1	-1,598197123E1	6,233009039E0
4,800000000E-1	-1,453953445E1	5,844208598E0
4,900000000E-1	-1,308326558E1	5,430830461E0
5,000000000E-1	-1,164628004E1	5,031464332E0
5,100000000E-1	-1,016119827E1	4,644656701E0
5,200000000E-1	-8,689775935E0	4,240835075E0
5,300000000E-1	-7,205156418E0	3,844655311E0
5,400000000E-1	-5,766172188E0	3,477806822E0
5,500000000E-1	-4,292611376E0	3,076605502E0
5,600000000E-1	-2,827922885E0	2,657190736E0
5,700000000E-1	-1,283076941E0	2,254369116E0
5,800000000E-1	3,210238713E-1	2,205289128E0
5,900000000E-1	1,900208811E0	1,502294658E0
6,000000000E-1	3,367154323E0	1,014274785E0
6,100000000E-1	4,903855881E0	5,721974282E-1
6,200000000E-1	6,429831341E0	1,278425838E-1
6,300000000E-1	7,977289669E0	-2,903177627E-1
6,400000000E-1	9,536724190E0	-7,234866446E-1
6,500000000E-1	1,113540973E1	-1,150882356E0
6,600000000E-1	1,275372346E1	-1,607220185E0
6,700000000E-1	1,437206023E1	-2,042228345E0
6,800000000E-1	1,602137549E1	-2,449907961E0
6,900000000E-1	1,767790693E1	-2,849018903E0
7,000000000E-1	1,925871038E1	-3,008396583E0
7,100000000E-1	2,114147998E1	-3,547564524E0
7,200000000E-1	2,265559410E1	-4,060804323E0
7,300000000E-1	2,434398142E1	-4,506164114E0
7,400000000E-1	2,602823805E1	-4,934775629E0
7,500000000E-1	2,771377730E1	-5,323056387E0
7,600000000E-1	2,940432657E1	-5,753282899E0
7,700000000E-1	3,108273096E1	-6,279382205E0
7,800000000E-1	3,274689014E1	-6,869176206E0
7,900000000E-1	3,442609689E1	-7,505732122E0
8,000000000E-1	3,610323492E1	-8,340394882E0
8,100000000E-1	3,780205965E1	-9,246355653E0
8,200000000E-1	3,945508831E1	-1,022228023E1
8,300000000E-1	4,126196333E1	-1,123011759E1
8,400000000E-1	4,267234525E1	-1,256395507E1
8,500000000E-1	4,422892829E1	-1,384884897E1
8,600000000E-1	4,582718090E1	-1,522140794E1
8,700000000E-1	4,744154063E1	-1,665750825E1
8,800000000E-1	4,914629648E1	-1,809068964E1
8,900000000E-1	5,077250936E1	-1,960989595E1
9,000000000E-1	5,246131123E1	-2,114032530E1
9,100000000E-1	5,411172256E1	-2,276937007E1
9,200000000E-1	5,585389730E1	-2,449999161E1
9,300000000E-1	5,754899738E1	-2,627243929E1
9,400000000E-1	5,919595833E1	-2,809402312E1
