mass_A
t	x	y
0,000000000E0	-5,701357511E1	3,210828748E1
1,000000000E-2	-5,700925929E1	3,211112483E1
2,000000000E-2	-5,700392706E1	3,211294147E1
3,000000000E-2	-5,699677967E1	3,211469682E1
4,000000000E-2	-5,699017160E1	3,210801092E1
5,000000000E-2	-5,688114973E1	3,203441822E1
6,000000000E-2	-5,672825087E1	3,189904043E1
7,000000000E-2	-5,644951175E1	3,171886977E1
8,000000000E-2	-5,616745857E1	3,146582696E1
9,000000000E-2	-5,585751615E1	3,112863541E1
1,000000000E-1	-5,560163014E1	3,072218006E1
1,100000000E-1	-5,527050589E1	3,031662129E1
1,200000000E-1	-5,483919522E1	2,986367461E1
1,300000000E-1	-5,438717908E1	2,937767456E1
1,400000000E-1	-5,389660036E1	2,886517046E1
1,500000000E-1	-5,333924665E1	2,829545766E1
1,600000000E-1	-5,276781897E1	2,773890240E1
1,700000000E-1	-5,218663552E1	2,712556267E1
1,800000000E-1	-5,155311405E1	2,646601837E1
1,900000000E-1	-5,090682217E1	2,578611483E1
2,000000000E-1	-5,019969523E1	2,505589979E1
2,100000000E-1	-4,945863962E1	2,431534375E1
2,200000000E-1	-4,870761058E1	2,354830014E1
2,300000000E-1	-4,787387917E1	2,273003144E1
2,400000000E-1	-4,701818759E1	2,190373738E1
2,500000000E-1	-4,614196311E1	2,106772592E1
2,600000000E-1	-4,522258923E1	2,020573776E1
2,700000000E-1	-4,426635964E1	1,935865678E1
2,800000000E-1	-4,325088603E1	1,850321319E1
2,900000000E-1	-4,218107653E1	1,767276912E1
3,000000000E-1	-4,107756566E1	1,685546986E1
3,100000000E-1	-3,990252243E1	1,601261133E1
3,200000000E-1	-3,873980821E1	1,524506869E1
3,300000000E-1	-3,737387093E1	1,452069138E1
3,400000000E-1	-3,610107518E1	1,371100891E1
3,500000000E-1	-3,479272765E1	1,301989258E1
3,600000000E-1	-3,345676109E1	1,239339882E1
3,700000000E-1	-3,207813980E1	1,178835614E1
3,800000000E-1	-3,068566012E1	1,119886586E1
3,900000000E-1	-2,926270816E1	1,064938904E1
4,000000000E-1	-2,781391764E1	1,012868058E1
4,100000000E-1	-2,640114222E1	9,660618440E0
4,200000000E-1	-2,490866242E1	9,194747932E0
4,300000000E-1	-2,347038137E1	8,753021082E0
4,400000000E-1	-2,199348847E1	8,343259343E0
4,500000000E-1	-2,057808700E1	7,920056176E0
4,600000000E-1	-1,907842755E1	7,599824432E0
4,700000000E-1	-1,762789310E1	7,145730470E0
4,800000000E-1	-1,615683988E1	6,736898790E0
4,900000000E-1	-1,468698674E1	6,335686730E0
5,000000000E-1	-1,321161922E1	5,924135586E0
5,100000000E-1	-1,172009731E1	5,521667055E0
5,200000000E-1	-1,028434248E1	5,146563426E0
5,300000000E-1	-8,797890685E0	4,770086728E0
5,400000000E-1	-7,335617093E0	4,358336554E0
5,500000000E-1	-5,882068859E0	3,967341514E0
5,600000000E-1	-4,391582212E0	3,600760795E0
5,700000000E-1	-2,896007885E0	3,187259137E0
5,800000000E-1	-1,407401821E0	2,761339943E0
5,900000000E-1	1,000131633E-1	2,402904761E0
6,000000000E-1	1,609090089E0	2,002476809E0
6,100000000E-1	3,125486331E0	1,574293828E0
6,200000000E-1	4,633456220E0	1,103803525E0
6,300000000E-1	6,132557839E0	6,776921385E-1
6,400000000E-1	7,667017485E0	2,490494706E-1
6,500000000E-1	9,196991967E0	-1,976258356E-1
6,600000000E-1	1,074637813E1	-6,243865923E-1
6,700000000E-1	1,231556376E1	-1,040824594E0
6,800000000E-1	1,389314752E1	-1,460491864E0
6,900000000E-1	1,547121186E1	-1,893027881E0
7,000000000E-1	1,705065844E1	-2,310281095E0
7,100000000E-1	1,868232912E1	-2,728784229E0
7,200000000E-1	2,032719800E1	-3,016177116E0
7,300000000E-1	2,192427464E1	-3,544141854E0
7,400000000E-1	2,358206918E1	-3,959440990E0
7,500000000E-1	2,521491781E1	-4,391252187E0
7,600000000E-1	2,688772446E1	-4,774553723E0
7,700000000E-1	2,852964225E1	-5,142013088E0
7,800000000E-1	3,018461683E1	-5,580711443E0
7,900000000E-1	3,186840437E1	-6,111058685E0
8,000000000E-1	3,352350841E1	-6,770535045E0
8,100000000E-1	3,521589203E1	-7,522247538E0
8,200000000E-1	3,686547039E1	-8,436562329E0
8,300000000E-1	3,848239765E1	-9,332243519E0
8,400000000E-1	4,009789779E1	-1,039106720E1
8,500000000E-1	4,168663204E1	-1,156969085E1
8,600000000E-1	4,324986111E1	-1,280617778E1
8,700000000E-1	4,484162655E1	-1,409155372E1
8,800000000E-1	4,641423921E1	-1,552588777E1
8,900000000E-1	4,802997905E1	-1,700902963E1
9,000000000E-1	4,966163523E1	-1,846110420E1
9,100000000E-1	5,132277437E1	-1,997461291E1
9,200000000E-1	5,295412742E1	-2,155577452E1
9,300000000E-1	5,458006269E1	-2,320216366E1
9,400000000E-1	5,629277918E1	-2,489555963E1
9,500000000E-1	5,788931313E1	-2,658872361E1
9,600000000E-1	5,965985685E1	-2,857338018E1
