mass_A
t	x	y
0,000000000E0	-5,701357511E1	3,210828748E1
1,000000000E-2	-5,700967658E1	3,211204509E1
2,000000000E-2	-5,700438104E1	3,211400053E1
3,000000000E-2	-5,699132393E1	3,211796946E1
4,000000000E-2	-5,695427336E1	3,210675262E1
5,000000000E-2	-5,689421722E1	3,210163749E1
6,000000000E-2	-5,675930268E1	3,200841726E1
7,000000000E-2	-5,655072445E1	3,187314556E1
8,000000000E-2	-5,624860544E1	3,161146438E1
9,000000000E-2	-5,595193217E1	3,127994383E1
1,000000000E-1	-5,564176835E1	3,090258707E1
1,100000000E-1	-5,534418063E1	3,046295850E1
1,200000000E-1	-5,488860468E1	2,998039733E1
1,300000000E-1	-5,445177314E1	2,946498326E1
1,400000000E-1	-5,395927318E1	2,894336514E1
1,500000000E-1	-5,343501067E1	2,835832621E1
1,600000000E-1	-5,287812462E1	2,774645575E1
1,700000000E-1	-5,227787331E1	2,713580872E1
1,800000000E-1	-5,163034349E1	2,646369443E1
1,900000000E-1	-5,092653037E1	2,573197642E1
2,000000000E-1	-5,020524069E1	2,496522779E1
2,100000000E-1	-4,943898476E1	2,419303051E1
2,200000000E-1	-4,861210756E1	2,341008646E1
2,300000000E-1	-4,782824919E1	2,259773999E1
2,400000000E-1	-4,695455235E1	2,171328184E1
2,500000000E-1	-4,604470687E1	2,087202874E1
2,600000000E-1	-4,511449666E1	1,999867048E1
2,700000000E-1	-4,413417803E1	1,914233775E1
2,800000000E-1	-4,307528583E1	1,827245046E1
2,900000000E-1	-4,198882653E1	1,738242506E1
3,000000000E-1	-4,088163529E1	1,655064255E1
3,100000000E-1	-3,969271498E1	1,571077317E1
3,200000000E-1	-3,851339490E1	1,493886144E1
3,300000000E-1	-3,714474105E1	1,420415277E1
3,400000000E-1	-3,585394870E1	1,339688724E1
3,500000000E-1	-3,451631622E1	1,270734920E1
3,600000000E-1	-3,314625104E1	1,208608802E1
3,700000000E-1	-3,174498423E1	1,148807174E1
3,800000000E-1	-3,034479398E1	1,094385476E1
3,900000000E-1	-2,892155886E1	1,041636924E1
4,000000000E-1	-2,746250994E1	9,904618906E0
4,100000000E-1	-2,600968701E1	9,437276361E0
4,200000000E-1	-2,453457155E1	8,987570126E0
4,300000000E-1	-2,306019644E1	8,549351221E0
4,400000000E-1	-2,160263981E1	8,124001840E0
4,500000000E-1	-2,012588738E1	7,720681738E0
4,600000000E-1	-1,861828414E1	7,393541350E0
4,700000000E-1	-1,715263634E1	6,891929141E0
4,800000000E-1	-1,566373241E1	6,459120498E0
4,900000000E-1	-1,421567652E1	6,074983558E0
5,000000000E-1	-1,272000460E1	5,694930113E0
5,100000000E-1	-1,121270082E1	5,291953858E0
5,200000000E-1	-9,770873891E0	4,919921974E0
5,300000000E-1	-8,274625081E0	4,518423434E0
5,400000000E-1	-6,805828309E0	4,114641886E0
5,500000000E-1	-5,330232923E0	3,718195206E0
5,600000000E-1	-3,865131917E0	3,334043587E0
5,700000000E-1	-2,370541884E0	2,898781437E0
5,800000000E-1	-9,164316503E-1	2,494545705E0
5,900000000E-1	6,775279387E-1	2,174270952E0
6,000000000E-1	2,099809509E0	1,698734257E0
6,100000000E-1	3,588710047E0	1,282921670E0
6,200000000E-1	5,057499865E0	8,487564008E-1
6,300000000E-1	6,544246099E0	4,166294823E-1
6,400000000E-1	8,022561655E0	1,473215160E-2
6,500000000E-1	9,524931490E0	-4,067236701E-1
6,600000000E-1	1,103474908E1	-8,369859600E-1
6,700000000E-1	1,256317776E1	-1,247597529E0
6,800000000E-1	1,409641700E1	-1,656377334E0
6,900000000E-1	1,562388927E1	-2,063623222E0
7,000000000E-1	1,717309367E1	-2,470226021E0
7,100000000E-1	1,875216859E1	-2,886659044E0
7,200000000E-1	2,032797120E1	-3,144839073E0
7,300000000E-1	2,191921520E1	-3,660312203E0
7,400000000E-1	2,349430072E1	-4,044820615E0
7,500000000E-1	2,508198966E1	-4,454204637E0
7,600000000E-1	2,670227324E1	-4,812516620E0
7,700000000E-1	2,834036123E1	-5,180702779E0
7,800000000E-1	2,996079366E1	-5,587041763E0
7,900000000E-1	3,157913123E1	-6,141663288E0
8,000000000E-1	3,320106419E1	-6,757736129E0
8,100000000E-1	3,481833086E1	-7,467156325E0
8,200000000E-1	3,642853653E1	-8,294939759E0
8,300000000E-1	3,801698324E1	-9,170062712E0
8,400000000E-1	3,959706904E1	-1,016475095E1
8,500000000E-1	4,120140675E1	-1,124068022E1
8,600000000E-1	4,268584048E1	-1,255946909E1
8,700000000E-1	4,421587884E1	-1,386524322E1
8,800000000E-1	4,577385459E1	-1,523478500E1
8,900000000E-1	4,737340352E1	-1,660515099E1
9,000000000E-1	4,900446168E1	-1,798972456E1
9,100000000E-1	5,063951180E1	-1,945320849E1
9,200000000E-1	5,226565880E1	-2,098224828E1
9,300000000E-1	5,390060508E1	-2,260997097E1
9,400000000E-1	5,556243571E1	-2,427495435E1
9,500000000E-1	5,721875296E1	-2,594989617E1
9,600000000E-1	5,885017568E1	-2,776842595E1
