mass_A
t	x	y
0,000000000E0	-5,652523614E1	3,161994851E1
1,000000000E-2	-5,652353842E1	3,162099438E1
2,000000000E-2	-5,652376875E1	3,162003517E1
3,000000000E-2	-5,652230495E1	3,161910480E1
4,000000000E-2	-5,651739832E1	3,161852375E1
5,000000000E-2	-5,640073503E1	3,152760143E1
6,000000000E-2	-5,618169043E1	3,135204006E1
7,000000000E-2	-5,597177467E1	3,108695554E1
8,000000000E-2	-5,558526121E1	2,985655289E1
9,000000000E-2	-5,543530421E1	2,966033618E1
1,000000000E-1	-5,503327390E1	2,923550634E1
1,100000000E-1	-5,471713483E1	2,888975497E1
1,200000000E-1	-5,422102335E1	2,836877952E1
1,300000000E-1	-5,378784812E1	2,792462390E1
1,400000000E-1	-5,326917112E1	2,739549983E1
1,500000000E-1	-5,273830588E1	2,684996284E1
1,600000000E-1	-5,212307901E1	2,623834269E1
1,700000000E-1	-5,150104623E1	2,560692520E1
1,800000000E-1	-5,082646891E1	2,492331823E1
1,900000000E-1	-5,019316207E1	2,425808206E1
2,000000000E-1	-4,947438369E1	2,351521739E1
2,100000000E-1	-4,872822625E1	2,277509971E1
2,200000000E-1	-4,790224942E1	2,195002872E1
2,300000000E-1	-4,705268406E1	2,112345548E1
2,400000000E-1	-4,621724516E1	2,031906601E1
2,500000000E-1	-4,525363011E1	1,945719181E1
2,600000000E-1	-4,430825422E1	1,860127945E1
2,700000000E-1	-4,328765268E1	1,773336273E1
2,800000000E-1	-4,222736537E1	1,689178181E1
2,900000000E-1	-4,114127900E1	1,606652573E1
3,000000000E-1	-3,999538588E1	1,524924929E1
3,100000000E-1	-3,891193805E1	1,459210540E1
3,200000000E-1	-3,712768397E1	1,398647647E1
3,300000000E-1	-3,622804863E1	1,292328549E1
3,400000000E-1	-3,492421712E1	1,225942600E1
3,500000000E-1	-3,358893466E1	1,161302202E1
3,600000000E-1	-3,221858596E1	1,100595625E1
3,700000000E-1	-3,085343015E1	1,044744007E1
3,800000000E-1	-2,945963159E1	9,943565180E0
3,900000000E-1	-2,802505543E1	9,427032945E0
4,000000000E-1	-2,663324677E1	8,980333510E0
4,100000000E-1	-2,516780451E1	8,515084773E0
4,200000000E-1	-2,372553875E1	8,075091629E0
4,300000000E-1	-2,230383636E1	7,671026807E0
4,400000000E-1	-2,086651152E1	7,280626872E0
4,500000000E-1	-1,949469012E1	7,364586597E0
4,600000000E-1	-1,772067251E1	6,598877149E0
4,700000000E-1	-1,641019135E1	6,090241139E0
4,800000000E-1	-1,497174453E1	5,709741882E0
4,900000000E-1	-1,351096922E1	5,318779719E0
5,000000000E-1	-1,204275519E1	4,914062773E0
5,100000000E-1	-1,063364048E1	4,564867646E0
5,200000000E-1	-9,193301650E0	4,172532477E0
5,300000000E-1	-7,726116887E0	3,762056482E0
5,400000000E-1	-6,239750125E0	3,367608765E0
5,500000000E-1	-4,795809052E0	2,959747787E0
5,600000000E-1	-3,309971499E0	2,575779064E0
5,700000000E-1	-1,826504234E0	2,173559780E0
5,800000000E-1	-4,342156991E-1	1,947810380E0
5,900000000E-1	1,404119032E0	1,707383497E0
6,000000000E-1	2,594462787E0	1,001587661E0
6,100000000E-1	4,091727721E0	5,760852506E-1
6,200000000E-1	5,601695218E0	1,385654199E-1
6,300000000E-1	7,153381736E0	-2,792890577E-1
6,400000000E-1	8,693605458E0	-7,188738141E-1
6,500000000E-1	1,022846746E1	-1,094454489E0
6,600000000E-1	1,181779455E1	-1,512197768E0
6,700000000E-1	1,336752592E1	-1,930239177E0
6,800000000E-1	1,491872422E1	-2,353741883E0
6,900000000E-1	1,649117012E1	-2,774576760E0
7,000000000E-1	1,816568549E1	-3,201527108E0
7,100000000E-1	1,985204096E1	-3,128650813E0
7,200000000E-1	2,146665639E1	-3,926407357E0
7,300000000E-1	2,304200555E1	-4,336860731E0
7,400000000E-1	2,468406762E1	-4,757406411E0
7,500000000E-1	2,632639699E1	-5,176371181E0
7,600000000E-1	2,797512801E1	-5,578040792E0
7,700000000E-1	2,964308252E1	-6,032740972E0
7,800000000E-1	3,130654777E1	-6,557913583E0
7,900000000E-1	3,299056569E1	-7,207800116E0
8,000000000E-1	3,464422819E1	-7,939813762E0
8,100000000E-1	3,629539644E1	-8,815903129E0
8,200000000E-1	3,794523723E1	-9,753667256E0
8,300000000E-1	3,956203337E1	-1,058515572E1
8,400000000E-1	4,131343574E1	-1,153535063E1
8,500000000E-1	4,278533947E1	-1,277481387E1
8,600000000E-1	4,441790437E1	-1,399111880E1
8,700000000E-1	4,602258160E1	-1,536101835E1
8,800000000E-1	4,755487457E1	-1,684729414E1
8,900000000E-1	4,913927013E1	-1,833867874E1
9,000000000E-1	5,078211412E1	-1,979977199E1
9,100000000E-1	5,242424182E1	-2,130980896E1
9,200000000E-1	5,407885553E1	-2,295076712E1
9,300000000E-1	5,576034042E1	-2,468225135E1
9,400000000E-1	5,746175544E1	-2,646959604E1
9,500000000E-1	5,911114650E1	-2,828180701E1
