mass_A
t	x	y
0,000000000E0	-5,664732088E1	3,186411800E1
1,000000000E-2	-5,664476009E1	3,186669041E1
2,000000000E-2	-5,663852553E1	3,186759414E1
3,000000000E-2	-5,662704638E1	3,186812540E1
4,000000000E-2	-5,661186639E1	3,186809186E1
5,000000000E-2	-5,649532646E1	3,178658038E1
6,000000000E-2	-5,637350483E1	3,163393591E1
7,000000000E-2	-5,611785995E1	3,144836843E1
8,000000000E-2	-5,585134813E1	3,118423240E1
9,000000000E-2	-5,550128903E1	3,083499119E1
1,000000000E-1	-5,536974905E1	2,984139571E1
1,100000000E-1	-5,496940672E1	2,940961434E1
1,200000000E-1	-5,448177180E1	2,890525247E1
1,300000000E-1	-5,397070230E1	2,843045011E1
1,400000000E-1	-5,347701948E1	2,786431128E1
1,500000000E-1	-5,288924037E1	2,723358786E1
1,600000000E-1	-5,229942931E1	2,663651449E1
1,700000000E-1	-5,168692532E1	2,598007227E1
1,800000000E-1	-5,099212643E1	2,524218325E1
1,900000000E-1	-5,033490654E1	2,457037919E1
2,000000000E-1	-4,960515051E1	2,382088184E1
2,100000000E-1	-4,878637875E1	2,302980981E1
2,200000000E-1	-4,801150397E1	2,227246208E1
2,300000000E-1	-4,715773811E1	2,145642612E1
2,400000000E-1	-4,623780648E1	2,060291382E1
2,500000000E-1	-4,530178749E1	1,975411371E1
2,600000000E-1	-4,433862336E1	1,891394508E1
2,700000000E-1	-4,326942003E1	1,802993566E1
2,800000000E-1	-4,221509542E1	1,717546812E1
2,900000000E-1	-4,109912628E1	1,630191904E1
3,000000000E-1	-3,993723755E1	1,547578760E1
3,100000000E-1	-3,882760725E1	1,481070678E1
3,200000000E-1	-3,718135082E1	1,439079279E1
3,300000000E-1	-3,620123531E1	1,323654476E1
3,400000000E-1	-3,487419053E1	1,252201134E1
3,500000000E-1	-3,350934828E1	1,187054429E1
3,600000000E-1	-3,213023412E1	1,124946242E1
3,700000000E-1	-3,071387179E1	1,063831606E1
3,800000000E-1	-2,928724032E1	1,010326981E1
3,900000000E-1	-2,783496925E1	9,575859098E0
4,000000000E-1	-2,643341837E1	9,125531563E0
4,100000000E-1	-2,496417598E1	8,650359045E0
4,200000000E-1	-2,352156544E1	8,210977130E0
4,300000000E-1	-2,209333870E1	7,806699860E0
4,400000000E-1	-2,063435322E1	7,374599126E0
4,500000000E-1	-1,917354445E1	7,547536680E0
4,600000000E-1	-1,756879105E1	6,625201850E0
4,700000000E-1	-1,624375553E1	6,195064238E0
4,800000000E-1	-1,476798065E1	5,785786328E0
4,900000000E-1	-1,329946191E1	5,375039660E0
5,000000000E-1	-1,181247245E1	4,979382580E0
5,100000000E-1	-1,038383430E1	4,604092493E0
5,200000000E-1	-8,903145460E0	4,209857724E0
5,300000000E-1	-7,485688757E0	3,853814801E0
5,400000000E-1	-6,050486780E0	3,466087438E0
5,500000000E-1	-4,573558223E0	3,072431742E0
5,600000000E-1	-3,100283703E0	2,664527616E0
5,700000000E-1	-1,605768441E0	2,231803637E0
5,800000000E-1	-2,563604571E-1	1,979435212E0
5,900000000E-1	1,634172575E0	1,836555516E0
6,000000000E-1	2,820884062E0	1,016673768E0
6,100000000E-1	4,288454769E0	6,131946440E-1
6,200000000E-1	5,750768011E0	1,945775456E-1
6,300000000E-1	7,223017851E0	-2,167964650E-1
6,400000000E-1	8,716984430E0	-6,394482544E-1
6,500000000E-1	1,023001025E1	-1,063354602E0
6,600000000E-1	1,176994507E1	-1,486118510E0
6,700000000E-1	1,330230667E1	-1,916890666E0
6,800000000E-1	1,483738613E1	-2,326088263E0
6,900000000E-1	1,637147274E1	-2,737592019E0
7,000000000E-1	1,794930518E1	-3,146422592E0
7,100000000E-1	1,960144492E1	-3,051234011E0
7,200000000E-1	2,128686424E1	-3,615677463E0
7,300000000E-1	2,273753226E1	-4,291677530E0
7,400000000E-1	2,435943046E1	-4,698635372E0
7,500000000E-1	2,595430101E1	-5,124065760E0
7,600000000E-1	2,757800963E1	-5,493137582E0
7,700000000E-1	2,919122677E1	-5,904877408E0
7,800000000E-1	3,077031870E1	-6,400345458E0
7,900000000E-1	3,237027978E1	-6,961815386E0
8,000000000E-1	3,398803609E1	-7,609500743E0
8,100000000E-1	3,557966301E1	-8,387092677E0
8,200000000E-1	3,720279609E1	-9,181508857E0
8,300000000E-1	3,882278649E1	-1,007880203E1
8,400000000E-1	4,054376096E1	-1,067527430E1
8,500000000E-1	4,202135818E1	-1,202522375E1
8,600000000E-1	4,355039563E1	-1,319377853E1
8,700000000E-1	4,507976342E1	-1,442258416E1
8,800000000E-1	4,664382759E1	-1,576549091E1
8,900000000E-1	4,822808522E1	-1,718496045E1
9,000000000E-1	4,984013289E1	-1,861927921E1
9,100000000E-1	5,146016115E1	-2,009786615E1
9,200000000E-1	5,307381318E1	-2,166030358E1
9,300000000E-1	5,469180466E1	-2,326830368E1
9,400000000E-1	5,639219554E1	-2,495145048E1
9,500000000E-1	5,794157464E1	-2,666575938E1
9,600000000E-1	5,964311816E1	-2,850120743E1
