mass_A
t	x	y
0,000000000E0	-5,676940563E1	3,223037223E1
1,000000000E-2	-5,676627898E1	3,222726459E1
2,000000000E-2	-5,675275190E1	3,222125610E1
3,000000000E-2	-5,667100557E1	3,214881204E1
4,000000000E-2	-5,664245017E1	3,211175861E1
5,000000000E-2	-5,655947241E1	3,200089788E1
6,000000000E-2	-5,639167895E1	3,181214981E1
7,000000000E-2	-5,617852357E1	3,155689635E1
8,000000000E-2	-5,589863678E1	3,119619877E1
9,000000000E-2	-5,567758566E1	3,075362132E1
1,000000000E-1	-5,545767651E1	3,028472041E1
1,100000000E-1	-5,506330148E1	2,987111227E1
1,200000000E-1	-5,462489928E1	2,943453051E1
1,300000000E-1	-5,415165772E1	2,893239896E1
1,400000000E-1	-5,364841799E1	2,843307667E1
1,500000000E-1	-5,310380636E1	2,788733223E1
1,600000000E-1	-5,255104610E1	2,731174148E1
1,700000000E-1	-5,194559091E1	2,669177937E1
1,800000000E-1	-5,131141548E1	2,601682339E1
1,900000000E-1	-5,065598293E1	2,532473421E1
2,000000000E-1	-4,995025615E1	2,459686615E1
2,100000000E-1	-4,919653527E1	2,384441237E1
2,200000000E-1	-4,843691690E1	2,307175860E1
2,300000000E-1	-4,761583805E1	2,228099759E1
2,400000000E-1	-4,676424806E1	2,143115695E1
2,500000000E-1	-4,585162723E1	2,057636620E1
2,600000000E-1	-4,490616182E1	1,972572141E1
2,700000000E-1	-4,392529629E1	1,886357496E1
2,800000000E-1	-4,288502780E1	1,802085777E1
2,900000000E-1	-4,180820557E1	1,717387547E1
3,000000000E-1	-4,070867735E1	1,636402249E1
3,100000000E-1	-3,957211157E1	1,555479588E1
3,200000000E-1	-3,840964880E1	1,498376063E1
3,300000000E-1	-3,697690783E1	1,417224215E1
3,400000000E-1	-3,582956541E1	1,330165868E1
3,500000000E-1	-3,449555452E1	1,259529000E1
3,600000000E-1	-3,313477865E1	1,194975977E1
3,700000000E-1	-3,173978372E1	1,132869581E1
3,800000000E-1	-3,035753765E1	1,077986865E1
3,900000000E-1	-2,891799753E1	1,023805479E1
4,000000000E-1	-2,748520382E1	9,735829302E0
4,100000000E-1	-2,604152458E1	9,238155508E0
4,200000000E-1	-2,460180839E1	8,793160455E0
4,300000000E-1	-2,313949902E1	8,354839924E0
4,400000000E-1	-2,169593484E1	7,944386458E0
4,500000000E-1	-2,031145394E1	7,607663066E0
4,600000000E-1	-1,870172155E1	7,455676053E0
4,700000000E-1	-1,733683337E1	6,740288681E0
4,800000000E-1	-1,586506313E1	6,357088965E0
4,900000000E-1	-1,438838139E1	5,960978029E0
5,000000000E-1	-1,291280781E1	5,593112158E0
5,100000000E-1	-1,143880941E1	5,206060867E0
5,200000000E-1	-9,973014963E0	4,806142373E0
5,300000000E-1	-8,512967444E0	4,438965099E0
5,400000000E-1	-7,070294106E0	4,053877487E0
5,500000000E-1	-5,647086150E0	3,654330872E0
5,600000000E-1	-4,188157240E0	3,238302901E0
5,700000000E-1	-2,733562570E0	2,870245830E0
5,800000000E-1	-1,243122576E0	2,470567514E0
5,900000000E-1	2,595253445E-1	2,427864877E0
6,000000000E-1	1,835335600E0	1,857290099E0
6,100000000E-1	3,208278547E0	1,313629678E0
6,200000000E-1	4,671255285E0	9,040881605E-1
6,300000000E-1	6,140933021E0	4,802612604E-1
6,400000000E-1	7,616887466E0	4,752864945E-2
6,500000000E-1	9,103763890E0	-3,758856090E-1
6,600000000E-1	1,064590868E1	-7,972295733E-1
6,700000000E-1	1,219569663E1	-1,189701919E0
6,800000000E-1	1,374571421E1	-1,629621178E0
6,900000000E-1	1,530294166E1	-2,033518004E0
7,000000000E-1	1,687528260E1	-2,433434681E0
7,100000000E-1	1,845826755E1	-2,811640853E0
7,200000000E-1	2,007427688E1	-2,826737075E0
7,300000000E-1	2,163402917E1	-3,567722173E0
7,400000000E-1	2,323021211E1	-3,960809423E0
7,500000000E-1	2,485278989E1	-4,351265982E0
7,600000000E-1	2,646758994E1	-4,762988177E0
7,700000000E-1	2,810469886E1	-5,080789623E0
7,800000000E-1	2,973153994E1	-5,529490186E0
7,900000000E-1	3,137477842E1	-6,039664314E0
8,000000000E-1	3,298891575E1	-6,657525940E0
8,100000000E-1	3,462300740E1	-7,332103136E0
8,200000000E-1	3,635758870E1	-8,162881285E0
8,300000000E-1	3,793360747E1	-9,083032485E0
8,400000000E-1	3,947173794E1	-1,007241192E1
8,500000000E-1	4,119084501E1	-1,095941457E1
8,600000000E-1	4,257058028E1	-1,235865203E1
8,700000000E-1	4,410598928E1	-1,359860381E1
8,800000000E-1	4,569771661E1	-1,489161345E1
8,900000000E-1	4,735070066E1	-1,619094921E1
9,000000000E-1	4,894781455E1	-1,760712195E1
9,100000000E-1	5,062062798E1	-1,903258452E1
9,200000000E-1	5,221076927E1	-2,055550816E1
9,300000000E-1	5,383219955E1	-2,214411617E1
9,400000000E-1	5,552045441E1	-2,380798030E1
9,500000000E-1	5,721002807E1	-2,558018606E1
9,600000000E-1	5,877759066E1	-2,731303862E1
