mass_A
t	x	y
0,000000000E0	-5,640315140E1	3,161994851E1
1,000000000E-2	-5,639231634E1	3,162547260E1
2,000000000E-2	-5,639088889E1	3,162220031E1
3,000000000E-2	-5,626337951E1	3,155779017E1
4,000000000E-2	-5,612104349E1	3,137588978E1
5,000000000E-2	-5,582226913E1	3,118436940E1
6,000000000E-2	-5,549223817E1	3,098865919E1
7,000000000E-2	-5,525542099E1	3,076241001E1
8,000000000E-2	-5,491514845E1	3,038447402E1
9,000000000E-2	-5,469286329E1	2,995525162E1
1,000000000E-1	-5,444541368E1	2,939648527E1
1,100000000E-1	-5,420183195E1	2,876265644E1
1,200000000E-1	-5,384009012E1	2,816464068E1
1,300000000E-1	-5,329398936E1	2,769132333E1
1,400000000E-1	-5,271375368E1	2,718535523E1
1,500000000E-1	-5,218012092E1	2,656214477E1
1,600000000E-1	-5,159138266E1	2,583232678E1
1,700000000E-1	-5,095031801E1	2,516415898E1
1,800000000E-1	-5,026153753E1	2,448097322E1
1,900000000E-1	-4,954028291E1	2,373314801E1
2,000000000E-1	-4,879880508E1	2,298259892E1
2,100000000E-1	-4,797611632E1	2,215773477E1
2,200000000E-1	-4,712739366E1	2,133308863E1
2,300000000E-1	-4,622565862E1	2,048017717E1
2,400000000E-1	-4,528514033E1	1,963412829E1
2,500000000E-1	-4,431726893E1	1,878951068E1
2,600000000E-1	-4,332212045E1	1,795320013E1
2,700000000E-1	-4,227307515E1	1,710770793E1
2,800000000E-1	-4,115349881E1	1,625558507E1
2,900000000E-1	-3,998954971E1	1,543437384E1
3,000000000E-1	-3,890644896E1	1,478518369E1
3,100000000E-1	-3,729462944E1	1,432195592E1
3,200000000E-1	-3,626551127E1	1,320148764E1
3,300000000E-1	-3,495325158E1	1,250565283E1
3,400000000E-1	-3,361625854E1	1,185869639E1
3,500000000E-1	-3,223431952E1	1,124534161E1
3,600000000E-1	-3,087011186E1	1,069213793E1
3,700000000E-1	-2,950506392E1	1,016805190E1
3,800000000E-1	-2,808749730E1	9,664984509E0
3,900000000E-1	-2,669973965E1	9,213510858E0
4,000000000E-1	-2,531314043E1	8,740020867E0
4,100000000E-1	-2,388889401E1	8,354845735E0
4,200000000E-1	-2,248771566E1	7,962250710E0
4,300000000E-1	-2,105687845E1	7,538895246E0
4,400000000E-1	-1,969666700E1	7,577918727E0
4,500000000E-1	-1,803289775E1	7,084951652E0
4,600000000E-1	-1,677652716E1	6,373744844E0
4,700000000E-1	-1,534287463E1	5,976564277E0
4,800000000E-1	-1,392152107E1	5,587376725E0
4,900000000E-1	-1,251407511E1	5,234659597E0
5,000000000E-1	-1,109511462E1	4,835457229E0
5,100000000E-1	-9,694257313E0	4,457909769E0
5,200000000E-1	-8,269493308E0	4,077836436E0
5,300000000E-1	-6,848846308E0	3,718413242E0
5,400000000E-1	-5,456596718E0	3,339042941E0
5,500000000E-1	-4,031031921E0	2,956509293E0
5,600000000E-1	-2,628654430E0	2,591434771E0
5,700000000E-1	-1,170802809E0	2,180616092E0
5,800000000E-1	3,611391334E-1	2,292817703E0
5,900000000E-1	1,865113157E0	1,674308383E0
6,000000000E-1	3,156224549E0	1,028816351E0
6,100000000E-1	4,607706038E0	6,375544514E-1
6,200000000E-1	6,071753394E0	2,292519700E-1
6,300000000E-1	7,522893566E0	-1,453926491E-1
6,400000000E-1	8,963367523E0	-5,972726646E-1
6,500000000E-1	1,041172494E1	-9,975146389E-1
6,600000000E-1	1,188370919E1	-1,402429018E0
6,700000000E-1	1,335074034E1	-1,800351501E0
6,800000000E-1	1,483055564E1	-2,222187027E0
6,900000000E-1	1,630495438E1	-2,600970675E0
7,000000000E-1	1,786418501E1	-2,981946407E0
7,100000000E-1	1,937571912E1	-3,022392693E0
7,200000000E-1	2,102316450E1	-3,454038843E0
7,300000000E-1	2,246494599E1	-4,025484949E0
7,400000000E-1	2,400925952E1	-4,429738087E0
7,500000000E-1	2,555497624E1	-4,818778022E0
7,600000000E-1	2,711184716E1	-5,205608126E0
7,700000000E-1	2,867200606E1	-5,655266852E0
7,800000000E-1	3,023831976E1	-6,127101920E0
7,900000000E-1	3,180334267E1	-6,679643021E0
8,000000000E-1	3,334141414E1	-7,278745320E0
8,100000000E-1	3,491342588E1	-7,943973445E0
8,200000000E-1	3,649890593E1	-8,691895425E0
8,300000000E-1	3,803751205E1	-9,534100513E0
8,400000000E-1	3,956964115E1	-1,045591800E1
8,500000000E-1	4,124584034E1	-1,120374565E1
8,600000000E-1	4,262453663E1	-1,255878094E1
8,700000000E-1	4,413565517E1	-1,373208842E1
8,800000000E-1	4,565427135E1	-1,500686676E1
8,900000000E-1	4,721083828E1	-1,629801181E1
9,000000000E-1	4,877881665E1	-1,762160469E1
9,100000000E-1	5,036074841E1	-1,901246652E1
9,200000000E-1	5,194150500E1	-2,046944983E1
9,300000000E-1	5,352294968E1	-2,200035783E1
9,400000000E-1	5,513639333E1	-2,361718708E1
9,500000000E-1	5,678626165E1	-2,528912510E1
9,600000000E-1	5,829908976E1	-2,695378349E1
