mass_A
t	x	y
0,000000000E0	-5,664732088E1	3,198620274E1
1,000000000E-2	-5,664628251E1	3,198455983E1
2,000000000E-2	-5,664552609E1	3,198059640E1
3,000000000E-2	-5,664734113E1	3,197252189E1
4,000000000E-2	-5,655498832E1	3,189566503E1
5,000000000E-2	-5,655279677E1	3,187233175E1
6,000000000E-2	-5,645651983E1	3,177300108E1
7,000000000E-2	-5,633785428E1	3,165521842E1
8,000000000E-2	-5,611958726E1	3,147053731E1
9,000000000E-2	-5,588093040E1	3,123545072E1
1,000000000E-1	-5,557284328E1	3,092736327E1
1,100000000E-1	-5,528580353E1	3,058229157E1
1,200000000E-1	-5,491898247E1	3,020841613E1
1,300000000E-1	-5,452690617E1	2,978855350E1
1,400000000E-1	-5,411289257E1	2,934502529E1
1,500000000E-1	-5,361970518E1	2,883905976E1
1,600000000E-1	-5,311614735E1	2,830228341E1
1,700000000E-1	-5,259704474E1	2,777183431E1
1,800000000E-1	-5,202452834E1	2,715691119E1
1,900000000E-1	-5,142208095E1	2,652321849E1
2,000000000E-1	-5,079036153E1	2,587028327E1
2,100000000E-1	-5,011508814E1	2,517602196E1
2,200000000E-1	-4,941116396E1	2,443108820E1
2,300000000E-1	-4,867443163E1	2,366787558E1
2,400000000E-1	-4,789058546E1	2,287025398E1
2,500000000E-1	-4,707564047E1	2,205100241E1
2,600000000E-1	-4,620867496E1	2,124342553E1
2,700000000E-1	-4,529312301E1	2,040006285E1
2,800000000E-1	-4,434242550E1	1,955613149E1
2,900000000E-1	-4,333667502E1	1,868735010E1
3,000000000E-1	-4,229128966E1	1,784707487E1
3,100000000E-1	-4,119388303E1	1,700860082E1
3,200000000E-1	-4,007658823E1	1,621053173E1
3,300000000E-1	-3,892889629E1	1,543265176E1
3,400000000E-1	-3,768172777E1	1,483782978E1
3,500000000E-1	-3,636185099E1	1,393446162E1
3,600000000E-1	-3,509383826E1	1,323802856E1
3,700000000E-1	-3,378570362E1	1,260592284E1
3,800000000E-1	-3,244852863E1	1,198723665E1
3,900000000E-1	-3,107644976E1	1,139214530E1
4,000000000E-1	-2,968840374E1	1,083940674E1
4,100000000E-1	-2,826124559E1	1,031515026E1
4,200000000E-1	-2,682963469E1	9,820295968E0
4,300000000E-1	-2,540871997E1	9,363382554E0
4,400000000E-1	-2,396219816E1	8,924043154E0
4,500000000E-1	-2,252512861E1	8,529918452E0
4,600000000E-1	-2,110078595E1	8,111636026E0
4,700000000E-1	-1,969876398E1	7,792129142E0
4,800000000E-1	-1,821897991E1	7,468598802E0
4,900000000E-1	-1,682410759E1	6,982587737E0
5,000000000E-1	-1,536851395E1	6,577626241E0
5,100000000E-1	-1,394341203E1	6,169691564E0
5,200000000E-1	-1,248616383E1	5,776877366E0
5,300000000E-1	-1,102324484E1	5,373490745E0
5,400000000E-1	-9,594036781E0	5,012729449E0
5,500000000E-1	-8,142637665E0	4,634735705E0
5,600000000E-1	-6,681660839E0	4,240000054E0
5,700000000E-1	-5,225889536E0	3,863820067E0
5,800000000E-1	-3,744496181E0	3,469289983E0
5,900000000E-1	-2,255509615E0	3,049719314E0
6,000000000E-1	-7,706168378E-1	2,645222961E0
6,100000000E-1	7,582204392E-1	2,425061487E0
6,200000000E-1	2,274442298E0	1,806136202E0
6,300000000E-1	3,786307256E0	1,378057836E0
6,400000000E-1	5,303937552E0	9,490307702E-1
6,500000000E-1	6,835427079E0	5,174438309E-1
6,600000000E-1	8,381888019E0	6,913305678E-2
6,700000000E-1	9,953492349E0	-3,849545545E-1
6,800000000E-1	1,153715619E1	-8,051696549E-1
6,900000000E-1	1,311796495E1	-1,255463476E0
7,000000000E-1	1,471908905E1	-1,670425382E0
7,100000000E-1	1,633987912E1	-2,096679124E0
7,200000000E-1	1,796799456E1	-2,511441239E0
7,300000000E-1	1,959845413E1	-2,795967987E0
7,400000000E-1	2,127487989E1	-3,307053908E0
7,500000000E-1	2,292784364E1	-3,715016243E0
7,600000000E-1	2,457838773E1	-4,114416568E0
7,700000000E-1	2,626452576E1	-4,541353786E0
7,800000000E-1	2,794068218E1	-4,928293732E0
7,900000000E-1	2,961705667E1	-5,384536975E0
8,000000000E-1	3,129121564E1	-5,953569769E0
8,100000000E-1	3,297433308E1	-6,613204615E0
8,200000000E-1	3,465777468E1	-7,331728634E0
8,300000000E-1	3,635244451E1	-8,170185250E0
8,400000000E-1	3,801075220E1	-9,125181354E0
8,500000000E-1	3,964377142E1	-1,013235404E1
8,600000000E-1	4,139542094E1	-1,104557837E1
8,700000000E-1	4,291421138E1	-1,233735407E1
8,800000000E-1	4,453257176E1	-1,357885318E1
8,900000000E-1	4,617852866E1	-1,494187315E1
9,000000000E-1	4,777795808E1	-1,635691546E1
9,100000000E-1	4,942325772E1	-1,790910488E1
9,200000000E-1	5,108311596E1	-1,941966994E1
9,300000000E-1	5,274508652E1	-2,098591545E1
9,400000000E-1	5,444565647E1	-2,264665397E1
9,500000000E-1	5,613469469E1	-2,438286042E1
9,600000000E-1	5,772099033E1	-2,610252306E1
9,700000000E-1	5,947693040E1	-2,804760686E1
