mass_A
t	x	y
0,000000000E0	-5,664732088E1	3,198620274E1
1,000000000E-2	-5,664941261E1	3,198627457E1
2,000000000E-2	-5,664326217E1	3,198437082E1
3,000000000E-2	-5,664201079E1	3,197172034E1
4,000000000E-2	-5,657642368E1	3,188082972E1
5,000000000E-2	-5,656413616E1	3,183579216E1
6,000000000E-2	-5,642057886E1	3,170405341E1
7,000000000E-2	-5,624697445E1	3,143967129E1
8,000000000E-2	-5,597711086E1	3,108077076E1
9,000000000E-2	-5,576756944E1	3,044388964E1
1,000000000E-1	-5,556228266E1	3,012556891E1
1,100000000E-1	-5,518898766E1	2,968552561E1
1,200000000E-1	-5,477089448E1	2,924521765E1
1,300000000E-1	-5,433167262E1	2,879295772E1
1,400000000E-1	-5,382673777E1	2,828256552E1
1,500000000E-1	-5,331607287E1	2,775104720E1
1,600000000E-1	-5,274767205E1	2,716819907E1
1,700000000E-1	-5,220539875E1	2,659397524E1
1,800000000E-1	-5,160534151E1	2,594857409E1
1,900000000E-1	-5,093460652E1	2,529786941E1
2,000000000E-1	-5,026669779E1	2,457728164E1
2,100000000E-1	-4,949235857E1	2,382506313E1
2,200000000E-1	-4,875097005E1	2,306929787E1
2,300000000E-1	-4,798516783E1	2,230677737E1
2,400000000E-1	-4,712537157E1	2,145780241E1
2,500000000E-1	-4,622328955E1	2,064066764E1
2,600000000E-1	-4,529276548E1	1,979139469E1
2,700000000E-1	-4,433030750E1	1,895474057E1
2,800000000E-1	-4,331002185E1	1,809610041E1
2,900000000E-1	-4,223443823E1	1,726078631E1
3,000000000E-1	-4,113009009E1	1,644137206E1
3,100000000E-1	-4,003708246E1	1,565421029E1
3,200000000E-1	-3,890645964E1	1,501145575E1
3,300000000E-1	-3,735735935E1	1,433349567E1
3,400000000E-1	-3,625005464E1	1,339217760E1
3,500000000E-1	-3,494362860E1	1,268914766E1
3,600000000E-1	-3,361358437E1	1,205660867E1
3,700000000E-1	-3,225084010E1	1,147034356E1
3,800000000E-1	-3,088075581E1	1,089832663E1
3,900000000E-1	-2,950195642E1	1,039581489E1
4,000000000E-1	-2,809619304E1	9,906670929E0
4,100000000E-1	-2,674284966E1	9,453234487E0
4,200000000E-1	-2,531105351E1	8,989716084E0
4,300000000E-1	-2,390675166E1	8,555001261E0
4,400000000E-1	-2,248650544E1	8,129279344E0
4,500000000E-1	-2,104666110E1	7,729743029E0
4,600000000E-1	-1,966174319E1	7,631287852E0
4,700000000E-1	-1,805413450E1	7,062321377E0
4,800000000E-1	-1,675554362E1	6,526957179E0
4,900000000E-1	-1,531201238E1	6,131394640E0
5,000000000E-1	-1,392325801E1	5,764182152E0
5,100000000E-1	-1,249282583E1	5,394499014E0
5,200000000E-1	-1,109494291E1	5,012739550E0
5,300000000E-1	-9,634959504E0	4,637112306E0
5,400000000E-1	-8,162261576E0	4,234979716E0
5,500000000E-1	-6,692546723E0	3,816560422E0
5,600000000E-1	-5,208510085E0	3,422971269E0
5,700000000E-1	-3,735994394E0	3,028694740E0
5,800000000E-1	-2,264829953E0	2,631673518E0
5,900000000E-1	-7,931433678E-1	2,259434151E0
6,000000000E-1	8,652732333E-1	2,185384998E0
6,100000000E-1	2,308374237E0	1,435943428E0
6,200000000E-1	3,831034154E0	9,630316799E-1
6,300000000E-1	5,370449628E0	5,179881007E-1
6,400000000E-1	6,927344917E0	9,108125585E-2
6,500000000E-1	8,489106052E0	-3,535782022E-1
6,600000000E-1	1,003997570E1	-7,663229148E-1
6,700000000E-1	1,161282822E1	-1,163306577E0
6,800000000E-1	1,320998259E1	-1,594453964E0
6,900000000E-1	1,479057996E1	-2,011021972E0
7,000000000E-1	1,644692140E1	-2,472699030E0
7,100000000E-1	1,809513592E1	-2,914178474E0
7,200000000E-1	1,975879352E1	-2,927642480E0
7,300000000E-1	2,141280926E1	-3,665891279E0
7,400000000E-1	2,300347679E1	-4,102364029E0
7,500000000E-1	2,465324098E1	-4,521404926E0
7,600000000E-1	2,632752441E1	-4,940665222E0
7,700000000E-1	2,803660743E1	-5,331325846E0
7,800000000E-1	2,972447767E1	-5,771298581E0
7,900000000E-1	3,140578172E1	-6,320037716E0
8,000000000E-1	3,308975545E1	-6,950054756E0
8,100000000E-1	3,473180218E1	-7,697713585E0
8,200000000E-1	3,640986060E1	-8,514571339E0
8,300000000E-1	3,804098317E1	-9,450573413E0
8,400000000E-1	3,966629903E1	-1,037189294E1
8,500000000E-1	4,147771049E1	-1,145072769E1
8,600000000E-1	4,288283447E1	-1,285436182E1
8,700000000E-1	4,448237329E1	-1,411827831E1
8,800000000E-1	4,610955337E1	-1,543585736E1
8,900000000E-1	4,773971113E1	-1,680129637E1
9,000000000E-1	4,939536200E1	-1,820066709E1
9,100000000E-1	5,105783420E1	-1,967827319E1
9,200000000E-1	5,270933024E1	-2,128049106E1
9,300000000E-1	5,435877181E1	-2,290605054E1
9,400000000E-1	5,615288304E1	-2,467376847E1
9,500000000E-1	5,775778731E1	-2,645518034E1
9,600000000E-1	5,941453959E1	-2,826452389E1
