BLAH BLAH HEADER INFO!
BLAH BLAH HEADER INFO HERE TOO!
NaN	-60.400996	30.0
NaN	-60.399785	29.97
NaN	-60.397591	29.94
NaN	-60.394765	29.91
NaN	-60.391435	29.88
NaN	-60.387671	29.85
NaN	-60.383523	29.82
NaN	-60.379024	29.79
NaN	-60.374204	29.76
NaN	-60.369082	29.73
NaN	-60.363678	29.7
NaN	-60.358006	29.67
NaN	-60.35208	29.64
NaN	-60.34591	29.61
NaN	-60.339507	29.58
NaN	-60.332879	29.55
NaN	-60.326034	29.52
NaN	-60.318979	29.49
NaN	-60.31172	29.46
NaN	-60.304264	29.43
NaN	-60.296615	29.4
NaN	-60.288779	29.37
NaN	-60.28076	29.34
NaN	-60.272562	29.31
NaN	-60.26419	29.28
NaN	-60.255646	29.25
NaN	-60.246935	29.22
NaN	-60.238059	29.19
NaN	-60.229021	29.16
NaN	-60.219825	29.13
NaN	-60.210473	29.1
NaN	-60.200968	29.07
NaN	-60.191311	29.04
NaN	-60.181506	29.01
NaN	-60.171554	28.98
NaN	-60.161458	28.95
NaN	-60.151219	28.92
NaN	-60.14084	28.89
NaN	-60.130321	28.86
NaN	-60.119666	28.83
NaN	-60.108875	28.8
NaN	-60.09795	28.77
NaN	-60.086892	28.74
NaN	-60.075704	28.71
NaN	-60.064386	28.68
NaN	-60.05294	28.65
NaN	-60.041367	28.62
NaN	-60.029668	28.59
NaN	-60.017845	28.56
NaN	-60.005898	28.53
NaN	-59.993829	28.5
NaN	-59.981639	28.47
NaN	-59.969329	28.44
NaN	-59.9569	28.41
NaN	-59.944352	28.38
NaN	-59.931688	28.35
NaN	-59.918907	28.32
NaN	-59.906011	28.29
NaN	-59.893	28.26
NaN	-59.879875	28.23
NaN	-59.866638	28.2
NaN	-59.853289	28.17
NaN	-59.839828	28.14
NaN	-59.826257	28.11
NaN	-59.812575	28.08
NaN	-59.798785	28.05
NaN	-59.784886	28.02
NaN	-59.770879	27.99
NaN	-59.756765	27.96
NaN	-59.742545	27.93
NaN	-59.728218	27.9
NaN	-59.713787	27.87
NaN	-59.69925	27.84
NaN	-59.684609	27.81
NaN	-59.669865	27.78
NaN	-59.655017	27.75
NaN	-59.640067	27.72
NaN	-59.625014	27.69
NaN	-59.60986	27.66
NaN	-59.594605	27.63
NaN	-59.579249	27.6
NaN	-59.563793	27.57
NaN	-59.548238	27.54
NaN	-59.532583	27.51
NaN	-59.516829	27.48
NaN	-59.500976	27.45
NaN	-59.485026	27.42
NaN	-59.468978	27.39
NaN	-59.452833	27.36
NaN	-59.43659	27.33
NaN	-59.420252	27.3
NaN	-59.403817	27.27
NaN	-59.387287	27.24
NaN	-59.370661	27.21
NaN	-59.35394	27.18
NaN	-59.337124	27.15
NaN	-59.320214	27.12
NaN	-59.303209	27.09
NaN	-59.286111	27.06
NaN	-59.26892	27.03
NaN	-59.251635	27.0
NaN	-59.234258	26.97
NaN	-59.216787	26.94
NaN	-59.199225	26.91
NaN	-59.18157	26.88
NaN	-59.163824	26.85
NaN	-59.145986	26.82
NaN	-59.128057	26.79
NaN	-59.110038	26.76
NaN	-59.091927	26.73
NaN	-59.073726	26.7
NaN	-59.055434	26.67
NaN	-59.037053	26.64
NaN	-59.018582	26.61
NaN	-59.000021	26.58
NaN	-58.981371	26.55
NaN	-58.962631	26.52
NaN	-58.943803	26.49
NaN	-58.924886	26.46
NaN	-58.905881	26.43
NaN	-58.886787	26.4
NaN	-58.867605	26.37
NaN	-58.848335	26.34
NaN	-58.828978	26.31
NaN	-58.809533	26.28
NaN	-58.79	26.25
NaN	-58.770381	26.22
NaN	-58.750674	26.19
NaN	-58.73088	26.16
NaN	-58.711	26.13
NaN	-58.691033	26.1
NaN	-58.67098	26.07
NaN	-58.650841	26.04
NaN	-58.630615	26.01
NaN	-58.610304	25.98
NaN	-58.589906	25.95
NaN	-58.569424	25.92
NaN	-58.548855	25.89
NaN	-58.528201	25.86
NaN	-58.507462	25.83
NaN	-58.486638	25.8
NaN	-58.465729	25.77
NaN	-58.444735	25.74
NaN	-58.423656	25.71
NaN	-58.402493	25.68
NaN	-58.381245	25.65
NaN	-58.359913	25.62
NaN	-58.338497	25.59
NaN	-58.316996	25.56
NaN	-58.295411	25.53
NaN	-58.273743	25.5
NaN	-58.25199	25.47
NaN	-58.230154	25.44
NaN	-58.208234	25.41
NaN	-58.186231	25.38
NaN	-58.164144	25.35
NaN	-58.141974	25.32
NaN	-58.11972	25.29
NaN	-58.097383	25.26
NaN	-58.074964	25.23
NaN	-58.052461	25.2
NaN	-58.029875	25.17
NaN	-58.007206	25.14
NaN	-57.984455	25.11
NaN	-57.96162	25.08
NaN	-57.938704	25.05
NaN	-57.915704	25.02
NaN	-57.892622	24.99
NaN	-57.869458	24.96
NaN	-57.846211	24.93
NaN	-57.822882	24.9
NaN	-57.799471	24.87
NaN	-57.775977	24.84
NaN	-57.752401	24.81
NaN	-57.728744	24.78
NaN	-57.705004	24.75
NaN	-57.681182	24.72
NaN	-57.657279	24.69
NaN	-57.633293	24.66
NaN	-57.609226	24.63
NaN	-57.585077	24.6
NaN	-57.560846	24.57
NaN	-57.536533	24.54
NaN	-57.512139	24.51
NaN	-57.487663	24.48
NaN	-57.463106	24.45
NaN	-57.438467	24.42
NaN	-57.413747	24.39
NaN	-57.388945	24.36
NaN	-57.364061	24.33
NaN	-57.339097	24.3
NaN	-57.314051	24.27
NaN	-57.288923	24.24
NaN	-57.263715	24.21
NaN	-57.238425	24.18
NaN	-57.213054	24.15
NaN	-57.187601	24.12
NaN	-57.162067	24.09
NaN	-57.136453	24.06
NaN	-57.110756	24.03
NaN	-57.084979	24.0
NaN	-57.059121	23.97
NaN	-57.033182	23.94
NaN	-57.007161	23.91
NaN	-56.981059	23.88
NaN	-56.954877	23.85
NaN	-56.928613	23.82
NaN	-56.902268	23.79
NaN	-56.875842	23.76
NaN	-56.849335	23.73
NaN	-56.822747	23.7
NaN	-56.796078	23.67
NaN	-56.769328	23.64
NaN	-56.742496	23.61
NaN	-56.715584	23.58
NaN	-56.688591	23.55
NaN	-56.661517	23.52
NaN	-56.634362	23.49
NaN	-56.607125	23.46
NaN	-56.579808	23.43
NaN	-56.552409	23.4
NaN	-56.52493	23.37
NaN	-56.497369	23.34
NaN	-56.469728	23.31
NaN	-56.442005	23.28
NaN	-56.414201	23.25
NaN	-56.386316	23.22
NaN	-56.35835	23.19
NaN	-56.330303	23.16
NaN	-56.302175	23.13
NaN	-56.273965	23.1
NaN	-56.245675	23.07
NaN	-56.217303	23.04
NaN	-56.18885	23.01
NaN	-56.160315	22.98
NaN	-56.1317	22.95
NaN	-56.103003	22.92
NaN	-56.074225	22.89
NaN	-56.045365	22.86
NaN	-56.016425	22.83
NaN	-55.987402	22.8
NaN	-55.958299	22.77
NaN	-55.929114	22.74
NaN	-55.899847	22.71
NaN	-55.870499	22.68
NaN	-55.84107	22.65
NaN	-55.811559	22.62
NaN	-55.781966	22.59
NaN	-55.752292	22.56
NaN	-55.722536	22.53
NaN	-55.692699	22.5
NaN	-55.662779	22.47
NaN	-55.632778	22.44
NaN	-55.602696	22.41
NaN	-55.572531	22.38
NaN	-55.542284	22.35
NaN	-55.511956	22.32
NaN	-55.481546	22.29
NaN	-55.451053	22.26
NaN	-55.420479	22.23
NaN	-55.389822	22.2
NaN	-55.359084	22.17
NaN	-55.328263	22.14
NaN	-55.29736	22.11
NaN	-55.266375	22.08
NaN	-55.235307	22.05
NaN	-55.204158	22.02
NaN	-55.172925	21.99
NaN	-55.141611	21.96
NaN	-55.110213	21.93
NaN	-55.078734	21.9
NaN	-55.047171	21.87
NaN	-55.015526	21.84
NaN	-54.983798	21.81
NaN	-54.951988	21.78
NaN	-54.920094	21.75
NaN	-54.888118	21.72
NaN	-54.856059	21.69
NaN	-54.823917	21.66
NaN	-54.791692	21.63
NaN	-54.759383	21.6
NaN	-54.726992	21.57
NaN	-54.694517	21.54
NaN	-54.661959	21.51
NaN	-54.629317	21.48
NaN	-54.596593	21.45
NaN	-54.563784	21.42
NaN	-54.530892	21.39
NaN	-54.497917	21.36
NaN	-54.464858	21.33
NaN	-54.431715	21.3
NaN	-54.398488	21.27
NaN	-54.365177	21.24
NaN	-54.331783	21.21
NaN	-54.298304	21.18
NaN	-54.264741	21.15
NaN	-54.231094	21.12
NaN	-54.197363	21.09
NaN	-54.163548	21.06
NaN	-54.129648	21.03
NaN	-54.095664	21.0
NaN	-54.061595	20.97
NaN	-54.027441	20.94
NaN	-53.993203	20.91
NaN	-53.95888	20.88
NaN	-53.924472	20.85
NaN	-53.88998	20.82
NaN	-53.855402	20.79
NaN	-53.820739	20.76
NaN	-53.785991	20.73
NaN	-53.751158	20.7
NaN	-53.716239	20.67
NaN	-53.681235	20.64
NaN	-53.646146	20.61
NaN	-53.610971	20.58
NaN	-53.57571	20.55
NaN	-53.540363	20.52
NaN	-53.504931	20.49
NaN	-53.469413	20.46
NaN	-53.433809	20.43
NaN	-53.398118	20.4
NaN	-53.362341	20.37
NaN	-53.326479	20.34
NaN	-53.290529	20.31
NaN	-53.254493	20.28
NaN	-53.218371	20.25
NaN	-53.182162	20.22
NaN	-53.145866	20.19
NaN	-53.109484	20.16
NaN	-53.073014	20.13
NaN	-53.036458	20.1
NaN	-52.999814	20.07
NaN	-52.963083	20.04
NaN	-52.926265	20.01
NaN	-52.889359	19.98
NaN	-52.852366	19.95
NaN	-52.815285	19.92
NaN	-52.778116	19.89
NaN	-52.74086	19.86
NaN	-52.703515	19.83
NaN	-52.666083	19.8
NaN	-52.628562	19.77
NaN	-52.590953	19.74
NaN	-52.553256	19.71
NaN	-52.515471	19.68
NaN	-52.477596	19.65
NaN	-52.439634	19.62
NaN	-52.401582	19.59
NaN	-52.363441	19.56
NaN	-52.325212	19.53
NaN	-52.286893	19.5
NaN	-52.248485	19.47
NaN	-52.209988	19.44
NaN	-52.171401	19.41
NaN	-52.132725	19.38
NaN	-52.093959	19.35
NaN	-52.055103	19.32
NaN	-52.016158	19.29
NaN	-51.977122	19.26
NaN	-51.937996	19.23
NaN	-51.89878	19.2
NaN	-51.859474	19.17
NaN	-51.820077	19.14
NaN	-51.78059	19.11
NaN	-51.741011	19.08
NaN	-51.701342	19.05
NaN	-51.661582	19.02
NaN	-51.621731	18.99
NaN	-51.581789	18.96
NaN	-51.541755	18.93
NaN	-51.50163	18.9
NaN	-51.461413	18.87
NaN	-51.421105	18.84
NaN	-51.380705	18.81
NaN	-51.340213	18.78
NaN	-51.299628	18.75
NaN	-51.258952	18.72
NaN	-51.218183	18.69
NaN	-51.177321	18.66
NaN	-51.136367	18.63
NaN	-51.095321	18.6
NaN	-51.054181	18.57
NaN	-51.012949	18.54
NaN	-50.971623	18.51
NaN	-50.930204	18.48
NaN	-50.888691	18.45
NaN	-50.847086	18.42
NaN	-50.805386	18.39
NaN	-50.763592	18.36
NaN	-50.721705	18.33
NaN	-50.679724	18.3
NaN	-50.637648	18.27
NaN	-50.595478	18.24
NaN	-50.553213	18.21
NaN	-50.510854	18.18
NaN	-50.4684	18.15
NaN	-50.425851	18.12
NaN	-50.383207	18.09
NaN	-50.340468	18.06
NaN	-50.297633	18.03
NaN	-50.254703	18.0
NaN	-50.211677	17.97
NaN	-50.168556	17.94
NaN	-50.125338	17.91
NaN	-50.082025	17.88
NaN	-50.038615	17.85
NaN	-49.995109	17.82
NaN	-49.951506	17.79
NaN	-49.907806	17.76
NaN	-49.86401	17.73
NaN	-49.820117	17.7
NaN	-49.776126	17.67
NaN	-49.732038	17.64
NaN	-49.687853	17.61
NaN	-49.64357	17.58
NaN	-49.59919	17.55
NaN	-49.554711	17.52
NaN	-49.510134	17.49
NaN	-49.46546	17.46
NaN	-49.420686	17.43
NaN	-49.375814	17.4
NaN	-49.330844	17.37
NaN	-49.285774	17.34
NaN	-49.240606	17.31
NaN	-49.195338	17.28
NaN	-49.149971	17.25
NaN	-49.104504	17.22
NaN	-49.058938	17.19
NaN	-49.013272	17.16
NaN	-48.967506	17.13
NaN	-48.921639	17.1
NaN	-48.875673	17.07
NaN	-48.829605	17.04
NaN	-48.783437	17.01
NaN	-48.737169	16.98
NaN	-48.690799	16.95
NaN	-48.644328	16.92
NaN	-48.597755	16.89
NaN	-48.551081	16.86
NaN	-48.504305	16.83
NaN	-48.457428	16.8
NaN	-48.410448	16.77
NaN	-48.363366	16.74
NaN	-48.316182	16.71
NaN	-48.268895	16.68
NaN	-48.221505	16.65
NaN	-48.174012	16.62
NaN	-48.126416	16.59
NaN	-48.078717	16.56
NaN	-48.030914	16.53
NaN	-47.983008	16.5
NaN	-47.934998	16.47
NaN	-47.886883	16.44
NaN	-47.838665	16.41
NaN	-47.790342	16.38
NaN	-47.741914	16.35
NaN	-47.693382	16.32
NaN	-47.644745	16.29
NaN	-47.596002	16.26
NaN	-47.547155	16.23
NaN	-47.498201	16.2
NaN	-47.449142	16.17
NaN	-47.399977	16.14
NaN	-47.350706	16.11
NaN	-47.301329	16.08
NaN	-47.251845	16.05
NaN	-47.202254	16.02
NaN	-47.152557	15.99
NaN	-47.102752	15.96
NaN	-47.05284	15.93
NaN	-47.002821	15.9
NaN	-46.952694	15.87
NaN	-46.902459	15.84
NaN	-46.852117	15.81
NaN	-46.801666	15.78
NaN	-46.751106	15.75
NaN	-46.700438	15.72
NaN	-46.649661	15.69
NaN	-46.598774	15.66
NaN	-46.547779	15.63
NaN	-46.496674	15.6
NaN	-46.44546	15.57
NaN	-46.394135	15.54
NaN	-46.342701	15.51
NaN	-46.291156	15.48
NaN	-46.2395	15.45
NaN	-46.187734	15.42
NaN	-46.135857	15.39
NaN	-46.083869	15.36
NaN	-46.03177	15.33
NaN	-45.979559	15.3
NaN	-45.927236	15.27
NaN	-45.874801	15.24
NaN	-45.822254	15.21
NaN	-45.769595	15.18
NaN	-45.716823	15.15
NaN	-45.663938	15.12
NaN	-45.61094	15.09
NaN	-45.557829	15.06
NaN	-45.504605	15.03
NaN	-45.451266	15.0
NaN	-45.397814	14.97
NaN	-45.344247	14.94
NaN	-45.290567	14.91
NaN	-45.236771	14.88
NaN	-45.182861	14.85
NaN	-45.128836	14.82
NaN	-45.074695	14.79
NaN	-45.020439	14.76
NaN	-44.966067	14.73
NaN	-44.911579	14.7
NaN	-44.856975	14.67
NaN	-44.802255	14.64
NaN	-44.747418	14.61
NaN	-44.692464	14.58
NaN	-44.637393	14.55
NaN	-44.582205	14.52
NaN	-44.526899	14.49
NaN	-44.471476	14.46
NaN	-44.415934	14.43
NaN	-44.360274	14.4
NaN	-44.304496	14.37
NaN	-44.248598	14.34
NaN	-44.192582	14.31
NaN	-44.136447	14.28
NaN	-44.080192	14.25
NaN	-44.023818	14.22
NaN	-43.967323	14.19
NaN	-43.910709	14.16
NaN	-43.853974	14.13
NaN	-43.797118	14.1
NaN	-43.740141	14.07
NaN	-43.683044	14.04
NaN	-43.625824	14.01
NaN	-43.568484	13.98
NaN	-43.511021	13.95
NaN	-43.453436	13.92
NaN	-43.395729	13.89
NaN	-43.337899	13.86
NaN	-43.279947	13.83
NaN	-43.221871	13.8
NaN	-43.163672	13.77
NaN	-43.105349	13.74
NaN	-43.046902	13.71
NaN	-42.988332	13.68
NaN	-42.929636	13.65
NaN	-42.870817	13.62
NaN	-42.811872	13.59
NaN	-42.752802	13.56
NaN	-42.693607	13.53
NaN	-42.634286	13.5
NaN	-42.574839	13.47
NaN	-42.515266	13.44
NaN	-42.455566	13.41
NaN	-42.39574	13.38
NaN	-42.335787	13.35
NaN	-42.275706	13.32
NaN	-42.215498	13.29
NaN	-42.155163	13.26
NaN	-42.094699	13.23
NaN	-42.034107	13.2
NaN	-41.973386	13.17
NaN	-41.912537	13.14
NaN	-41.851558	13.11
NaN	-41.79045	13.08
NaN	-41.729213	13.05
NaN	-41.667846	13.02
NaN	-41.606348	12.99
NaN	-41.54472	12.96
NaN	-41.482961	12.93
NaN	-41.421072	12.9
NaN	-41.359051	12.87
NaN	-41.296898	12.84
NaN	-41.234614	12.81
NaN	-41.172198	12.78
NaN	-41.109649	12.75
NaN	-41.046967	12.72
NaN	-40.984153	12.69
NaN	-40.921206	12.66
NaN	-40.858125	12.63
NaN	-40.79491	12.6
NaN	-40.731562	12.57
NaN	-40.668078	12.54
NaN	-40.604461	12.51
NaN	-40.540708	12.48
NaN	-40.476821	12.45
NaN	-40.412798	12.42
NaN	-40.348639	12.39
NaN	-40.284344	12.36
NaN	-40.219913	12.33
NaN	-40.155345	12.3
NaN	-40.090641	12.27
NaN	-40.025799	12.24
NaN	-39.96082	12.21
NaN	-39.895703	12.18
NaN	-39.830449	12.15
NaN	-39.765055	12.12
NaN	-39.699524	12.09
NaN	-39.633853	12.06
NaN	-39.568043	12.03
NaN	-39.502094	12.0
NaN	-39.436005	11.97
NaN	-39.369776	11.94
NaN	-39.303406	11.91
NaN	-39.236896	11.88
NaN	-39.170245	11.85
NaN	-39.103453	11.82
NaN	-39.036519	11.79
NaN	-38.969443	11.76
NaN	-38.902226	11.73
NaN	-38.834865	11.7
NaN	-38.767363	11.67
NaN	-38.699717	11.64
NaN	-38.631927	11.61
NaN	-38.563995	11.58
NaN	-38.495918	11.55
NaN	-38.427697	11.52
NaN	-38.359331	11.49
NaN	-38.290821	11.46
NaN	-38.222165	11.43
NaN	-38.153365	11.4
NaN	-38.084418	11.37
NaN	-38.015325	11.34
NaN	-37.946086	11.31
NaN	-37.876701	11.28
NaN	-37.807168	11.25
NaN	-37.737488	11.22
NaN	-37.667661	11.19
NaN	-37.597686	11.16
NaN	-37.527562	11.13
NaN	-37.45729	11.1
NaN	-37.38687	11.07
NaN	-37.3163	11.04
NaN	-37.245581	11.01
NaN	-37.174712	10.98
NaN	-37.103693	10.95
NaN	-37.032524	10.92
NaN	-36.961204	10.89
NaN	-36.889733	10.86
NaN	-36.818111	10.83
NaN	-36.746338	10.8
NaN	-36.674413	10.77
NaN	-36.602335	10.74
NaN	-36.530105	10.71
NaN	-36.457722	10.68
NaN	-36.385186	10.65
NaN	-36.312497	10.62
NaN	-36.239654	10.59
NaN	-36.166656	10.56
NaN	-36.093505	10.53
NaN	-36.020199	10.5
NaN	-35.946738	10.47
NaN	-35.873121	10.44
NaN	-35.799349	10.41
NaN	-35.725421	10.38
NaN	-35.651337	10.35
NaN	-35.577096	10.32
NaN	-35.502699	10.29
NaN	-35.428144	10.26
NaN	-35.353432	10.23
NaN	-35.278562	10.2
NaN	-35.203534	10.17
NaN	-35.128348	10.14
NaN	-35.053003	10.11
NaN	-34.977499	10.08
NaN	-34.901835	10.05
NaN	-34.826012	10.02
NaN	-34.750029	9.99
NaN	-34.673885	9.96
NaN	-34.597581	9.93
NaN	-34.521117	9.9
NaN	-34.444491	9.87
NaN	-34.367703	9.84
NaN	-34.290754	9.81
NaN	-34.213642	9.78
NaN	-34.136368	9.75
NaN	-34.058931	9.72
NaN	-33.981332	9.69
NaN	-33.903569	9.66
NaN	-33.825642	9.63
NaN	-33.747551	9.6
NaN	-33.669296	9.57
NaN	-33.590876	9.54
NaN	-33.512292	9.51
NaN	-33.433542	9.48
NaN	-33.354627	9.45
NaN	-33.275545	9.42
NaN	-33.196298	9.39
NaN	-33.116884	9.36
NaN	-33.037304	9.33
NaN	-32.957557	9.3
NaN	-32.877642	9.27
NaN	-32.797559	9.24
NaN	-32.717309	9.21
NaN	-32.63689	9.18
NaN	-32.556303	9.15
NaN	-32.475547	9.12
NaN	-32.394622	9.09
NaN	-32.313528	9.06
NaN	-32.232264	9.03
NaN	-32.150829	9.0
NaN	-32.069225	8.97
NaN	-31.98745	8.94
NaN	-31.905504	8.91
NaN	-31.823386	8.88
NaN	-31.741098	8.85
NaN	-31.658637	8.82
NaN	-31.576005	8.79
NaN	-31.4932	8.76
NaN	-31.410222	8.73
NaN	-31.327072	8.7
NaN	-31.243748	8.67
NaN	-31.160251	8.64
NaN	-31.07658	8.61
NaN	-30.992735	8.58
NaN	-30.908716	8.55
NaN	-30.824523	8.52
NaN	-30.740154	8.49
NaN	-30.65561	8.46
NaN	-30.570891	8.43
NaN	-30.485996	8.4
NaN	-30.400925	8.37
NaN	-30.315679	8.34
NaN	-30.230255	8.31
NaN	-30.144655	8.28
NaN	-30.058878	8.25
NaN	-29.972923	8.22
NaN	-29.886791	8.19
NaN	-29.800481	8.16
NaN	-29.713994	8.13
NaN	-29.627328	8.1
NaN	-29.540483	8.07
NaN	-29.45346	8.04
NaN	-29.366257	8.01
NaN	-29.278875	7.98
NaN	-29.191314	7.95
NaN	-29.103573	7.92
NaN	-29.015652	7.89
NaN	-28.927551	7.86
NaN	-28.839269	7.83
NaN	-28.750807	7.8
NaN	-28.662164	7.77
NaN	-28.573339	7.74
NaN	-28.484333	7.71
NaN	-28.395146	7.68
NaN	-28.305776	7.65
NaN	-28.216225	7.62
NaN	-28.126492	7.59
NaN	-28.036576	7.56
NaN	-27.946477	7.53
NaN	-27.856195	7.5
NaN	-27.765731	7.47
NaN	-27.675083	7.44
NaN	-27.584251	7.41
NaN	-27.493236	7.38
NaN	-27.402037	7.35
NaN	-27.310654	7.32
NaN	-27.219087	7.29
NaN	-27.127336	7.26
NaN	-27.035399	7.23
NaN	-26.943278	7.2
NaN	-26.850972	7.17
NaN	-26.758482	7.14
NaN	-26.665805	7.11
NaN	-26.572944	7.08
NaN	-26.479896	7.05
NaN	-26.386663	7.02
NaN	-26.293245	6.99
NaN	-26.19964	6.96
NaN	-26.105849	6.93
NaN	-26.011871	6.9
NaN	-25.917707	6.87
NaN	-25.823357	6.84
NaN	-25.72882	6.81
NaN	-25.634096	6.78
NaN	-25.539185	6.75
NaN	-25.444087	6.72
NaN	-25.348802	6.69
NaN	-25.25333	6.66
NaN	-25.157671	6.63
NaN	-25.061823	6.6
NaN	-24.965789	6.57
NaN	-24.869567	6.54
NaN	-24.773157	6.51
NaN	-24.676559	6.48
NaN	-24.579773	6.45
NaN	-24.4828	6.42
NaN	-24.385638	6.39
NaN	-24.288289	6.36
NaN	-24.190751	6.33
NaN	-24.093025	6.3
NaN	-23.995111	6.27
NaN	-23.897009	6.24
NaN	-23.798719	6.21
NaN	-23.70024	6.18
NaN	-23.601573	6.15
NaN	-23.502718	6.12
NaN	-23.403674	6.09
NaN	-23.304442	6.06
NaN	-23.205022	6.03
NaN	-23.105413	6.0
NaN	-23.005616	5.97
NaN	-22.905631	5.94
NaN	-22.805458	5.91
NaN	-22.705097	5.88
NaN	-22.604547	5.85
NaN	-22.503809	5.82
NaN	-22.402883	5.79
NaN	-22.301769	5.76
NaN	-22.200468	5.73
NaN	-22.098978	5.7
NaN	-21.997301	5.67
NaN	-21.895435	5.64
NaN	-21.793383	5.61
NaN	-21.691142	5.58
NaN	-21.588715	5.55
NaN	-21.4861	5.52
NaN	-21.383298	5.49
NaN	-21.280309	5.46
NaN	-21.177133	5.43
NaN	-21.07377	5.4
NaN	-20.970221	5.37
NaN	-20.866485	5.34
NaN	-20.762563	5.31
NaN	-20.658455	5.28
NaN	-20.554161	5.25
NaN	-20.449681	5.22
NaN	-20.345015	5.19
NaN	-20.240165	5.16
NaN	-20.135129	5.13
NaN	-20.029908	5.1
NaN	-19.924503	5.07
NaN	-19.818913	5.04
NaN	-19.713139	5.01
NaN	-19.607181	4.98
NaN	-19.501039	4.95
NaN	-19.394714	4.92
NaN	-19.288206	4.89
NaN	-19.181515	4.86
NaN	-19.074642	4.83
NaN	-18.967586	4.8
NaN	-18.860349	4.77
NaN	-18.752929	4.74
NaN	-18.645329	4.71
NaN	-18.537548	4.68
NaN	-18.429586	4.65
NaN	-18.321444	4.62
NaN	-18.213122	4.59
NaN	-18.10462	4.56
NaN	-17.99594	4.53
NaN	-17.887081	4.5
NaN	-17.778044	4.47
NaN	-17.668829	4.44
NaN	-17.559436	4.41
NaN	-17.449867	4.38
NaN	-17.340121	4.35
NaN	-17.230198	4.32
NaN	-17.120101	4.29
NaN	-17.009828	4.26
NaN	-16.899381	4.23
NaN	-16.788759	4.2
NaN	-16.677964	4.17
NaN	-16.566996	4.14
NaN	-16.455855	4.11
NaN	-16.344543	4.08
NaN	-16.233058	4.05
NaN	-16.121403	4.02
NaN	-16.009578	3.99
NaN	-15.897582	3.96
NaN	-15.785418	3.93
NaN	-15.673085	3.9
NaN	-15.560584	3.87
NaN	-15.447916	3.84
NaN	-15.335081	3.81
NaN	-15.22208	3.78
NaN	-15.108914	3.75
NaN	-14.995583	3.72
NaN	-14.882088	3.69
NaN	-14.76843	3.66
NaN	-14.654609	3.63
NaN	-14.540626	3.6
NaN	-14.426482	3.57
NaN	-14.312178	3.54
NaN	-14.197714	3.51
NaN	-14.083091	3.48
NaN	-13.968309	3.45
NaN	-13.853371	3.42
NaN	-13.738276	3.39
NaN	-13.623025	3.36
NaN	-13.507619	3.33
NaN	-13.392059	3.3
NaN	-13.276345	3.27
NaN	-13.160479	3.24
NaN	-13.044462	3.21
NaN	-12.928294	3.18
NaN	-12.811976	3.15
NaN	-12.695509	3.12
NaN	-12.578895	3.09
NaN	-12.462133	3.06
NaN	-12.345225	3.03
NaN	-12.228171	3.0
NaN	-12.110974	2.97
NaN	-11.993633	2.94
NaN	-11.87615	2.91
NaN	-11.758526	2.88
NaN	-11.640761	2.85
NaN	-11.522857	2.82
NaN	-11.404815	2.79
NaN	-11.286636	2.76
NaN	-11.16832	2.73
NaN	-11.04987	2.7
NaN	-10.931285	2.67
NaN	-10.812567	2.64
NaN	-10.693718	2.61
NaN	-10.574738	2.58
NaN	-10.455628	2.55
NaN	-10.33639	2.52
NaN	-10.217024	2.49
NaN	-10.097532	2.46
NaN	-9.977915	2.43
NaN	-9.858174	2.4
NaN	-9.738311	2.37
NaN	-9.618326	2.34
NaN	-9.498221	2.31
NaN	-9.377997	2.28
NaN	-9.257655	2.25
NaN	-9.137196	2.22
NaN	-9.016622	2.19
NaN	-8.895934	2.16
NaN	-8.775133	2.13
NaN	-8.654221	2.1
NaN	-8.533199	2.07
NaN	-8.412067	2.04
NaN	-8.290829	2.01
NaN	-8.169484	1.98
NaN	-8.048034	1.95
NaN	-7.92648	1.92
NaN	-7.804824	1.89
NaN	-7.683068	1.86
NaN	-7.561212	1.83
NaN	-7.439257	1.8
NaN	-7.317207	1.77
NaN	-7.195061	1.74
NaN	-7.072821	1.71
NaN	-6.950489	1.68
NaN	-6.828065	1.65
NaN	-6.705553	1.62
NaN	-6.582952	1.59
NaN	-6.460264	1.56
NaN	-6.337492	1.53
NaN	-6.214635	1.5
NaN	-6.091697	1.47
NaN	-5.968678	1.44
NaN	-5.845579	1.41
NaN	-5.722403	1.38
NaN	-5.599151	1.35
NaN	-5.475825	1.32
NaN	-5.352425	1.29
NaN	-5.228954	1.26
NaN	-5.105412	1.23
NaN	-4.981803	1.2
NaN	-4.858126	1.17
NaN	-4.734385	1.14
NaN	-4.610579	1.11
NaN	-4.486712	1.08
NaN	-4.362784	1.05
NaN	-4.238797	1.02
NaN	-4.114753	0.99
NaN	-3.990653	0.96
NaN	-3.866499	0.93
NaN	-3.742293	0.9
NaN	-3.618036	0.87
NaN	-3.49373	0.84
NaN	-3.369376	0.81
NaN	-3.244977	0.78
NaN	-3.120533	0.75
NaN	-2.996047	0.72
NaN	-2.87152	0.69
NaN	-2.746953	0.66
NaN	-2.62235	0.63
NaN	-2.49771	0.6
NaN	-2.373036	0.57
NaN	-2.24833	0.54
NaN	-2.123593	0.51
NaN	-1.998827	0.48
NaN	-1.874033	0.45
NaN	-1.749214	0.42
NaN	-1.62437	0.39
NaN	-1.499505	0.36
NaN	-1.374618	0.33
NaN	-1.249713	0.3
NaN	-1.124791	0.27
NaN	-0.999853	0.24
NaN	-0.874902	0.21
NaN	-0.749938	0.18
NaN	-0.624964	0.15
NaN	-0.499982	0.12
NaN	-0.374992	0.09
NaN	-0.249998	0.06
NaN	-0.125	0.03
NaN	-0.0	0.0
NaN	0.125	-0.03
NaN	0.249998	-0.06
NaN	0.374992	-0.09
NaN	0.499982	-0.12
NaN	0.624964	-0.15
NaN	0.749938	-0.18
NaN	0.874902	-0.21
NaN	0.999853	-0.24
NaN	1.124791	-0.27
NaN	1.249713	-0.3
NaN	1.374618	-0.33
NaN	1.499505	-0.36
NaN	1.62437	-0.39
NaN	1.749214	-0.42
NaN	1.874033	-0.45
NaN	1.998827	-0.48
NaN	2.123593	-0.51
NaN	2.24833	-0.54
NaN	2.373036	-0.57
NaN	2.49771	-0.6
NaN	2.62235	-0.63
NaN	2.746953	-0.66
NaN	2.87152	-0.69
NaN	2.996047	-0.72
NaN	3.120533	-0.75
NaN	3.244977	-0.78
NaN	3.369376	-0.81
NaN	3.49373	-0.84
NaN	3.618036	-0.87
NaN	3.742293	-0.9
NaN	3.866499	-0.93
NaN	3.990653	-0.96
NaN	4.114753	-0.99
NaN	4.238797	-1.02
NaN	4.362784	-1.05
NaN	4.486712	-1.08
NaN	4.610579	-1.11
NaN	4.734385	-1.14
NaN	4.858126	-1.17
NaN	4.981803	-1.2
NaN	5.105412	-1.23
NaN	5.228954	-1.26
NaN	5.352425	-1.29
NaN	5.475825	-1.32
NaN	5.599151	-1.35
NaN	5.722403	-1.38
NaN	5.845579	-1.41
NaN	5.968678	-1.44
NaN	6.091697	-1.47
NaN	6.214635	-1.5
NaN	6.337492	-1.53
NaN	6.460264	-1.56
NaN	6.582952	-1.59
NaN	6.705553	-1.62
NaN	6.828065	-1.65
NaN	6.950489	-1.68
NaN	7.072821	-1.71
NaN	7.195061	-1.74
NaN	7.317207	-1.77
NaN	7.439257	-1.8
NaN	7.561212	-1.83
NaN	7.683068	-1.86
NaN	7.804824	-1.89
NaN	7.92648	-1.92
NaN	8.048034	-1.95
NaN	8.169484	-1.98
NaN	8.290829	-2.01
NaN	8.412067	-2.04
NaN	8.533199	-2.07
NaN	8.654221	-2.1
NaN	8.775133	-2.13
NaN	8.895934	-2.16
NaN	9.016622	-2.19
NaN	9.137196	-2.22
NaN	9.257655	-2.25
NaN	9.377997	-2.28
NaN	9.498221	-2.31
NaN	9.618326	-2.34
NaN	9.738311	-2.37
NaN	9.858174	-2.4
NaN	9.977915	-2.43
NaN	10.097532	-2.46
NaN	10.217024	-2.49
NaN	10.33639	-2.52
NaN	10.455628	-2.55
NaN	10.574738	-2.58
NaN	10.693718	-2.61
NaN	10.812567	-2.64
NaN	10.931285	-2.67
NaN	11.04987	-2.7
NaN	11.16832	-2.73
NaN	11.286636	-2.76
NaN	11.404815	-2.79
NaN	11.522857	-2.82
NaN	11.640761	-2.85
NaN	11.758526	-2.88
NaN	11.87615	-2.91
NaN	11.993633	-2.94
NaN	12.110974	-2.97
NaN	12.228171	-3.0
NaN	12.345225	-3.03
NaN	12.462133	-3.06
NaN	12.578895	-3.09
NaN	12.695509	-3.12
NaN	12.811976	-3.15
NaN	12.928294	-3.18
NaN	13.044462	-3.21
NaN	13.160479	-3.24
NaN	13.276345	-3.27
NaN	13.392059	-3.3
NaN	13.507619	-3.33
NaN	13.623025	-3.36
NaN	13.738276	-3.39
NaN	13.853371	-3.42
NaN	13.968309	-3.45
NaN	14.083091	-3.48
NaN	14.197714	-3.51
NaN	14.312178	-3.54
NaN	14.426482	-3.57
NaN	14.540626	-3.6
NaN	14.654609	-3.63
NaN	14.76843	-3.66
NaN	14.882088	-3.69
NaN	14.995583	-3.72
NaN	15.108914	-3.75
NaN	15.22208	-3.78
NaN	15.335081	-3.81
NaN	15.447916	-3.84
NaN	15.560584	-3.87
NaN	15.673085	-3.9
NaN	15.785418	-3.93
NaN	15.897582	-3.96
NaN	16.009578	-3.99
NaN	16.121403	-4.02
NaN	16.233058	-4.05
NaN	16.344543	-4.08
NaN	16.455855	-4.11
NaN	16.566996	-4.14
NaN	16.677964	-4.17
NaN	16.788759	-4.2
NaN	16.899381	-4.23
NaN	17.009828	-4.26
NaN	17.120101	-4.29
NaN	17.230198	-4.32
NaN	17.340121	-4.35
NaN	17.449867	-4.38
NaN	17.559436	-4.41
NaN	17.668829	-4.44
NaN	17.778044	-4.47
NaN	17.887081	-4.5
NaN	17.99594	-4.53
NaN	18.10462	-4.56
NaN	18.213122	-4.59
NaN	18.321444	-4.62
NaN	18.429586	-4.65
NaN	18.537548	-4.68
NaN	18.645329	-4.71
NaN	18.752929	-4.74
NaN	18.860349	-4.77
NaN	18.967586	-4.8
NaN	19.074642	-4.83
NaN	19.181515	-4.86
NaN	19.288206	-4.89
NaN	19.394714	-4.92
NaN	19.501039	-4.95
NaN	19.607181	-4.98
NaN	19.713139	-5.01
NaN	19.818913	-5.04
NaN	19.924503	-5.07
NaN	20.029908	-5.1
NaN	20.135129	-5.13
NaN	20.240165	-5.16
NaN	20.345015	-5.19
NaN	20.449681	-5.22
NaN	20.554161	-5.25
NaN	20.658455	-5.28
NaN	20.762563	-5.31
NaN	20.866485	-5.34
NaN	20.970221	-5.37
NaN	21.07377	-5.4
NaN	21.177133	-5.43
NaN	21.280309	-5.46
NaN	21.383298	-5.49
NaN	21.4861	-5.52
NaN	21.588715	-5.55
NaN	21.691142	-5.58
NaN	21.793383	-5.61
NaN	21.895435	-5.64
NaN	21.997301	-5.67
NaN	22.098978	-5.7
NaN	22.200468	-5.73
NaN	22.301769	-5.76
NaN	22.402883	-5.79
NaN	22.503809	-5.82
NaN	22.604547	-5.85
NaN	22.705097	-5.88
NaN	22.805458	-5.91
NaN	22.905631	-5.94
NaN	23.005616	-5.97
NaN	23.105413	-6.0
NaN	23.205022	-6.03
NaN	23.304442	-6.06
NaN	23.403674	-6.09
NaN	23.502718	-6.12
NaN	23.601573	-6.15
NaN	23.70024	-6.18
NaN	23.798719	-6.21
NaN	23.897009	-6.24
NaN	23.995111	-6.27
NaN	24.093025	-6.3
NaN	24.190751	-6.33
NaN	24.288289	-6.36
NaN	24.385638	-6.39
NaN	24.4828	-6.42
NaN	24.579773	-6.45
NaN	24.676559	-6.48
NaN	24.773157	-6.51
NaN	24.869567	-6.54
NaN	24.965789	-6.57
NaN	25.061823	-6.6
NaN	25.157671	-6.63
NaN	25.25333	-6.66
NaN	25.348802	-6.69
NaN	25.444087	-6.72
NaN	25.539185	-6.75
NaN	25.634096	-6.78
NaN	25.72882	-6.81
NaN	25.823357	-6.84
NaN	25.917707	-6.87
NaN	26.011871	-6.9
NaN	26.105849	-6.93
NaN	26.19964	-6.96
NaN	26.293245	-6.99
NaN	26.386663	-7.02
NaN	26.479896	-7.05
NaN	26.572944	-7.08
NaN	26.665805	-7.11
NaN	26.758482	-7.14
NaN	26.850972	-7.17
NaN	26.943278	-7.2
NaN	27.035399	-7.23
NaN	27.127336	-7.26
NaN	27.219087	-7.29
NaN	27.310654	-7.32
NaN	27.402037	-7.35
NaN	27.493236	-7.38
NaN	27.584251	-7.41
NaN	27.675083	-7.44
NaN	27.765731	-7.47
NaN	27.856195	-7.5
NaN	27.946477	-7.53
NaN	28.036576	-7.56
NaN	28.126492	-7.59
NaN	28.216225	-7.62
NaN	28.305776	-7.65
NaN	28.395146	-7.68
NaN	28.484333	-7.71
NaN	28.573339	-7.74
NaN	28.662164	-7.77
NaN	28.750807	-7.8
NaN	28.839269	-7.83
NaN	28.927551	-7.86
NaN	29.015652	-7.89
NaN	29.103573	-7.92
NaN	29.191314	-7.95
NaN	29.278875	-7.98
NaN	29.366257	-8.01
NaN	29.45346	-8.04
NaN	29.540483	-8.07
NaN	29.627328	-8.1
NaN	29.713994	-8.13
NaN	29.800481	-8.16
NaN	29.886791	-8.19
NaN	29.972923	-8.22
NaN	30.058878	-8.25
NaN	30.144655	-8.28
NaN	30.230255	-8.31
NaN	30.315679	-8.34
NaN	30.400925	-8.37
NaN	30.485996	-8.4
NaN	30.570891	-8.43
NaN	30.65561	-8.46
NaN	30.740154	-8.49
NaN	30.824523	-8.52
NaN	30.908716	-8.55
NaN	30.992735	-8.58
NaN	31.07658	-8.61
NaN	31.160251	-8.64
NaN	31.243748	-8.67
NaN	31.327072	-8.7
NaN	31.410222	-8.73
NaN	31.4932	-8.76
NaN	31.576005	-8.79
NaN	31.658637	-8.82
NaN	31.741098	-8.85
NaN	31.823386	-8.88
NaN	31.905504	-8.91
NaN	31.98745	-8.94
NaN	32.069225	-8.97
NaN	32.150829	-9.0
NaN	32.232264	-9.03
NaN	32.313528	-9.06
NaN	32.394622	-9.09
NaN	32.475547	-9.12
NaN	32.556303	-9.15
NaN	32.63689	-9.18
NaN	32.717309	-9.21
NaN	32.797559	-9.24
NaN	32.877642	-9.27
NaN	32.957557	-9.3
NaN	33.037304	-9.33
NaN	33.116884	-9.36
NaN	33.196298	-9.39
NaN	33.275545	-9.42
NaN	33.354627	-9.45
NaN	33.433542	-9.48
NaN	33.512292	-9.51
NaN	33.590876	-9.54
NaN	33.669296	-9.57
NaN	33.747551	-9.6
NaN	33.825642	-9.63
NaN	33.903569	-9.66
NaN	33.981332	-9.69
NaN	34.058931	-9.72
NaN	34.136368	-9.75
NaN	34.213642	-9.78
NaN	34.290754	-9.81
NaN	34.367703	-9.84
NaN	34.444491	-9.87
NaN	34.521117	-9.9
NaN	34.597581	-9.93
NaN	34.673885	-9.96
NaN	34.750029	-9.99
NaN	34.826012	-10.02
NaN	34.901835	-10.05
NaN	34.977499	-10.08
NaN	35.053003	-10.11
NaN	35.128348	-10.14
NaN	35.203534	-10.17
NaN	35.278562	-10.2
NaN	35.353432	-10.23
NaN	35.428144	-10.26
NaN	35.502699	-10.29
NaN	35.577096	-10.32
NaN	35.651337	-10.35
NaN	35.725421	-10.38
NaN	35.799349	-10.41
NaN	35.873121	-10.44
NaN	35.946738	-10.47
NaN	36.020199	-10.5
NaN	36.093505	-10.53
NaN	36.166656	-10.56
NaN	36.239654	-10.59
NaN	36.312497	-10.62
NaN	36.385186	-10.65
NaN	36.457722	-10.68
NaN	36.530105	-10.71
NaN	36.602335	-10.74
NaN	36.674413	-10.77
NaN	36.746338	-10.8
NaN	36.818111	-10.83
NaN	36.889733	-10.86
NaN	36.961204	-10.89
NaN	37.032524	-10.92
NaN	37.103693	-10.95
NaN	37.174712	-10.98
NaN	37.245581	-11.01
NaN	37.3163	-11.04
NaN	37.38687	-11.07
NaN	37.45729	-11.1
NaN	37.527562	-11.13
NaN	37.597686	-11.16
NaN	37.667661	-11.19
NaN	37.737488	-11.22
NaN	37.807168	-11.25
NaN	37.876701	-11.28
NaN	37.946086	-11.31
NaN	38.015325	-11.34
NaN	38.084418	-11.37
NaN	38.153365	-11.4
NaN	38.222165	-11.43
NaN	38.290821	-11.46
NaN	38.359331	-11.49
NaN	38.427697	-11.52
NaN	38.495918	-11.55
NaN	38.563995	-11.58
NaN	38.631927	-11.61
NaN	38.699717	-11.64
NaN	38.767363	-11.67
NaN	38.834865	-11.7
NaN	38.902226	-11.73
NaN	38.969443	-11.76
NaN	39.036519	-11.79
NaN	39.103453	-11.82
NaN	39.170245	-11.85
NaN	39.236896	-11.88
NaN	39.303406	-11.91
NaN	39.369776	-11.94
NaN	39.436005	-11.97
NaN	39.502094	-12.0
NaN	39.568043	-12.03
NaN	39.633853	-12.06
NaN	39.699524	-12.09
NaN	39.765055	-12.12
NaN	39.830449	-12.15
NaN	39.895703	-12.18
NaN	39.96082	-12.21
NaN	40.025799	-12.24
NaN	40.090641	-12.27
NaN	40.155345	-12.3
NaN	40.219913	-12.33
NaN	40.284344	-12.36
NaN	40.348639	-12.39
NaN	40.412798	-12.42
NaN	40.476821	-12.45
NaN	40.540708	-12.48
NaN	40.604461	-12.51
NaN	40.668078	-12.54
NaN	40.731562	-12.57
NaN	40.79491	-12.6
NaN	40.858125	-12.63
NaN	40.921206	-12.66
NaN	40.984153	-12.69
NaN	41.046967	-12.72
NaN	41.109649	-12.75
NaN	41.172198	-12.78
NaN	41.234614	-12.81
NaN	41.296898	-12.84
NaN	41.359051	-12.87
NaN	41.421072	-12.9
NaN	41.482961	-12.93
NaN	41.54472	-12.96
NaN	41.606348	-12.99
NaN	41.667846	-13.02
NaN	41.729213	-13.05
NaN	41.79045	-13.08
NaN	41.851558	-13.11
NaN	41.912537	-13.14
NaN	41.973386	-13.17
NaN	42.034107	-13.2
NaN	42.094699	-13.23
NaN	42.155163	-13.26
NaN	42.215498	-13.29
NaN	42.275706	-13.32
NaN	42.335787	-13.35
NaN	42.39574	-13.38
NaN	42.455566	-13.41
NaN	42.515266	-13.44
NaN	42.574839	-13.47
NaN	42.634286	-13.5
NaN	42.693607	-13.53
NaN	42.752802	-13.56
NaN	42.811872	-13.59
NaN	42.870817	-13.62
NaN	42.929636	-13.65
NaN	42.988332	-13.68
NaN	43.046902	-13.71
NaN	43.105349	-13.74
NaN	43.163672	-13.77
NaN	43.221871	-13.8
NaN	43.279947	-13.83
NaN	43.337899	-13.86
NaN	43.395729	-13.89
NaN	43.453436	-13.92
NaN	43.511021	-13.95
NaN	43.568484	-13.98
NaN	43.625824	-14.01
NaN	43.683044	-14.04
NaN	43.740141	-14.07
NaN	43.797118	-14.1
NaN	43.853974	-14.13
NaN	43.910709	-14.16
NaN	43.967323	-14.19
NaN	44.023818	-14.22
NaN	44.080192	-14.25
NaN	44.136447	-14.28
NaN	44.192582	-14.31
NaN	44.248598	-14.34
NaN	44.304496	-14.37
NaN	44.360274	-14.4
NaN	44.415934	-14.43
NaN	44.471476	-14.46
NaN	44.526899	-14.49
NaN	44.582205	-14.52
NaN	44.637393	-14.55
NaN	44.692464	-14.58
NaN	44.747418	-14.61
NaN	44.802255	-14.64
NaN	44.856975	-14.67
NaN	44.911579	-14.7
NaN	44.966067	-14.73
NaN	45.020439	-14.76
NaN	45.074695	-14.79
NaN	45.128836	-14.82
NaN	45.182861	-14.85
NaN	45.236771	-14.88
NaN	45.290567	-14.91
NaN	45.344247	-14.94
NaN	45.397814	-14.97
NaN	45.451266	-15.0
NaN	45.504605	-15.03
NaN	45.557829	-15.06
NaN	45.61094	-15.09
NaN	45.663938	-15.12
NaN	45.716823	-15.15
NaN	45.769595	-15.18
NaN	45.822254	-15.21
NaN	45.874801	-15.24
NaN	45.927236	-15.27
NaN	45.979559	-15.3
NaN	46.03177	-15.33
NaN	46.083869	-15.36
NaN	46.135857	-15.39
NaN	46.187734	-15.42
NaN	46.2395	-15.45
NaN	46.291156	-15.48
NaN	46.342701	-15.51
NaN	46.394135	-15.54
NaN	46.44546	-15.57
NaN	46.496674	-15.6
NaN	46.547779	-15.63
NaN	46.598774	-15.66
NaN	46.649661	-15.69
NaN	46.700438	-15.72
NaN	46.751106	-15.75
NaN	46.801666	-15.78
NaN	46.852117	-15.81
NaN	46.902459	-15.84
NaN	46.952694	-15.87
NaN	47.002821	-15.9
NaN	47.05284	-15.93
NaN	47.102752	-15.96
NaN	47.152557	-15.99
NaN	47.202254	-16.02
NaN	47.251845	-16.05
NaN	47.301329	-16.08
NaN	47.350706	-16.11
NaN	47.399977	-16.14
NaN	47.449142	-16.17
NaN	47.498201	-16.2
NaN	47.547155	-16.23
NaN	47.596002	-16.26
NaN	47.644745	-16.29
NaN	47.693382	-16.32
NaN	47.741914	-16.35
NaN	47.790342	-16.38
NaN	47.838665	-16.41
NaN	47.886883	-16.44
NaN	47.934998	-16.47
NaN	47.983008	-16.5
NaN	48.030914	-16.53
NaN	48.078717	-16.56
NaN	48.126416	-16.59
NaN	48.174012	-16.62
NaN	48.221505	-16.65
NaN	48.268895	-16.68
NaN	48.316182	-16.71
NaN	48.363366	-16.74
NaN	48.410448	-16.77
NaN	48.457428	-16.8
NaN	48.504305	-16.83
NaN	48.551081	-16.86
NaN	48.597755	-16.89
NaN	48.644328	-16.92
NaN	48.690799	-16.95
NaN	48.737169	-16.98
NaN	48.783437	-17.01
NaN	48.829605	-17.04
NaN	48.875673	-17.07
NaN	48.921639	-17.1
NaN	48.967506	-17.13
NaN	49.013272	-17.16
NaN	49.058938	-17.19
NaN	49.104504	-17.22
NaN	49.149971	-17.25
NaN	49.195338	-17.28
NaN	49.240606	-17.31
NaN	49.285774	-17.34
NaN	49.330844	-17.37
NaN	49.375814	-17.4
NaN	49.420686	-17.43
NaN	49.46546	-17.46
NaN	49.510134	-17.49
NaN	49.554711	-17.52
NaN	49.59919	-17.55
NaN	49.64357	-17.58
NaN	49.687853	-17.61
NaN	49.732038	-17.64
NaN	49.776126	-17.67
NaN	49.820117	-17.7
NaN	49.86401	-17.73
NaN	49.907806	-17.76
NaN	49.951506	-17.79
NaN	49.995109	-17.82
NaN	50.038615	-17.85
NaN	50.082025	-17.88
NaN	50.125338	-17.91
NaN	50.168556	-17.94
NaN	50.211677	-17.97
NaN	50.254703	-18.0
NaN	50.297633	-18.03
NaN	50.340468	-18.06
NaN	50.383207	-18.09
NaN	50.425851	-18.12
NaN	50.4684	-18.15
NaN	50.510854	-18.18
NaN	50.553213	-18.21
NaN	50.595478	-18.24
NaN	50.637648	-18.27
NaN	50.679724	-18.3
NaN	50.721705	-18.33
NaN	50.763592	-18.36
NaN	50.805386	-18.39
NaN	50.847086	-18.42
NaN	50.888691	-18.45
NaN	50.930204	-18.48
NaN	50.971623	-18.51
NaN	51.012949	-18.54
NaN	51.054181	-18.57
NaN	51.095321	-18.6
NaN	51.136367	-18.63
NaN	51.177321	-18.66
NaN	51.218183	-18.69
NaN	51.258952	-18.72
NaN	51.299628	-18.75
NaN	51.340213	-18.78
NaN	51.380705	-18.81
NaN	51.421105	-18.84
NaN	51.461413	-18.87
NaN	51.50163	-18.9
NaN	51.541755	-18.93
NaN	51.581789	-18.96
NaN	51.621731	-18.99
NaN	51.661582	-19.02
NaN	51.701342	-19.05
NaN	51.741011	-19.08
NaN	51.78059	-19.11
NaN	51.820077	-19.14
NaN	51.859474	-19.17
NaN	51.89878	-19.2
NaN	51.937996	-19.23
NaN	51.977122	-19.26
NaN	52.016158	-19.29
NaN	52.055103	-19.32
NaN	52.093959	-19.35
NaN	52.132725	-19.38
NaN	52.171401	-19.41
NaN	52.209988	-19.44
NaN	52.248485	-19.47
NaN	52.286893	-19.5
NaN	52.325212	-19.53
NaN	52.363441	-19.56
NaN	52.401582	-19.59
NaN	52.439634	-19.62
NaN	52.477596	-19.65
NaN	52.515471	-19.68
NaN	52.553256	-19.71
NaN	52.590953	-19.74
NaN	52.628562	-19.77
NaN	52.666083	-19.8
NaN	52.703515	-19.83
NaN	52.74086	-19.86
NaN	52.778116	-19.89
NaN	52.815285	-19.92
NaN	52.852366	-19.95
NaN	52.889359	-19.98
NaN	52.926265	-20.01
NaN	52.963083	-20.04
NaN	52.999814	-20.07
NaN	53.036458	-20.1
NaN	53.073014	-20.13
NaN	53.109484	-20.16
NaN	53.145866	-20.19
NaN	53.182162	-20.22
NaN	53.218371	-20.25
NaN	53.254493	-20.28
NaN	53.290529	-20.31
NaN	53.326479	-20.34
NaN	53.362341	-20.37
NaN	53.398118	-20.4
NaN	53.433809	-20.43
NaN	53.469413	-20.46
NaN	53.504931	-20.49
NaN	53.540363	-20.52
NaN	53.57571	-20.55
NaN	53.610971	-20.58
NaN	53.646146	-20.61
NaN	53.681235	-20.64
NaN	53.716239	-20.67
NaN	53.751158	-20.7
NaN	53.785991	-20.73
NaN	53.820739	-20.76
NaN	53.855402	-20.79
NaN	53.88998	-20.82
NaN	53.924472	-20.85
NaN	53.95888	-20.88
NaN	53.993203	-20.91
NaN	54.027441	-20.94
NaN	54.061595	-20.97
NaN	54.095664	-21.0
NaN	54.129648	-21.03
NaN	54.163548	-21.06
NaN	54.197363	-21.09
NaN	54.231094	-21.12
NaN	54.264741	-21.15
NaN	54.298304	-21.18
NaN	54.331783	-21.21
NaN	54.365177	-21.24
NaN	54.398488	-21.27
NaN	54.431715	-21.3
NaN	54.464858	-21.33
NaN	54.497917	-21.36
NaN	54.530892	-21.39
NaN	54.563784	-21.42
NaN	54.596593	-21.45
NaN	54.629317	-21.48
NaN	54.661959	-21.51
NaN	54.694517	-21.54
NaN	54.726992	-21.57
NaN	54.759383	-21.6
NaN	54.791692	-21.63
NaN	54.823917	-21.66
NaN	54.856059	-21.69
NaN	54.888118	-21.72
NaN	54.920094	-21.75
NaN	54.951988	-21.78
NaN	54.983798	-21.81
NaN	55.015526	-21.84
NaN	55.047171	-21.87
NaN	55.078734	-21.9
NaN	55.110213	-21.93
NaN	55.141611	-21.96
NaN	55.172925	-21.99
NaN	55.204158	-22.02
NaN	55.235307	-22.05
NaN	55.266375	-22.08
NaN	55.29736	-22.11
NaN	55.328263	-22.14
NaN	55.359084	-22.17
NaN	55.389822	-22.2
NaN	55.420479	-22.23
NaN	55.451053	-22.26
NaN	55.481546	-22.29
NaN	55.511956	-22.32
NaN	55.542284	-22.35
NaN	55.572531	-22.38
NaN	55.602696	-22.41
NaN	55.632778	-22.44
NaN	55.662779	-22.47
NaN	55.692699	-22.5
NaN	55.722536	-22.53
NaN	55.752292	-22.56
NaN	55.781966	-22.59
NaN	55.811559	-22.62
NaN	55.84107	-22.65
NaN	55.870499	-22.68
NaN	55.899847	-22.71
NaN	55.929114	-22.74
NaN	55.958299	-22.77
NaN	55.987402	-22.8
NaN	56.016425	-22.83
NaN	56.045365	-22.86
NaN	56.074225	-22.89
NaN	56.103003	-22.92
NaN	56.1317	-22.95
NaN	56.160315	-22.98
NaN	56.18885	-23.01
NaN	56.217303	-23.04
NaN	56.245675	-23.07
NaN	56.273965	-23.1
NaN	56.302175	-23.13
NaN	56.330303	-23.16
NaN	56.35835	-23.19
NaN	56.386316	-23.22
NaN	56.414201	-23.25
NaN	56.442005	-23.28
NaN	56.469728	-23.31
NaN	56.497369	-23.34
NaN	56.52493	-23.37
NaN	56.552409	-23.4
NaN	56.579808	-23.43
NaN	56.607125	-23.46
NaN	56.634362	-23.49
NaN	56.661517	-23.52
NaN	56.688591	-23.55
NaN	56.715584	-23.58
NaN	56.742496	-23.61
NaN	56.769328	-23.64
NaN	56.796078	-23.67
NaN	56.822747	-23.7
NaN	56.849335	-23.73
NaN	56.875842	-23.76
NaN	56.902268	-23.79
NaN	56.928613	-23.82
NaN	56.954877	-23.85
NaN	56.981059	-23.88
NaN	57.007161	-23.91
NaN	57.033182	-23.94
NaN	57.059121	-23.97
NaN	57.084979	-24.0
NaN	57.110756	-24.03
NaN	57.136453	-24.06
NaN	57.162067	-24.09
NaN	57.187601	-24.12
NaN	57.213054	-24.15
NaN	57.238425	-24.18
NaN	57.263715	-24.21
NaN	57.288923	-24.24
NaN	57.314051	-24.27
NaN	57.339097	-24.3
NaN	57.364061	-24.33
NaN	57.388945	-24.36
NaN	57.413747	-24.39
NaN	57.438467	-24.42
NaN	57.463106	-24.45
NaN	57.487663	-24.48
NaN	57.512139	-24.51
NaN	57.536533	-24.54
NaN	57.560846	-24.57
NaN	57.585077	-24.6
NaN	57.609226	-24.63
NaN	57.633293	-24.66
NaN	57.657279	-24.69
NaN	57.681182	-24.72
NaN	57.705004	-24.75
NaN	57.728744	-24.78
NaN	57.752401	-24.81
NaN	57.775977	-24.84
NaN	57.799471	-24.87
NaN	57.822882	-24.9
NaN	57.846211	-24.93
NaN	57.869458	-24.96
NaN	57.892622	-24.99
NaN	57.915704	-25.02
NaN	57.938704	-25.05
NaN	57.96162	-25.08
NaN	57.984455	-25.11
NaN	58.007206	-25.14
NaN	58.029875	-25.17
NaN	58.052461	-25.2
NaN	58.074964	-25.23
NaN	58.097383	-25.26
NaN	58.11972	-25.29
NaN	58.141974	-25.32
NaN	58.164144	-25.35
NaN	58.186231	-25.38
NaN	58.208234	-25.41
NaN	58.230154	-25.44
NaN	58.25199	-25.47
NaN	58.273743	-25.5
NaN	58.295411	-25.53
NaN	58.316996	-25.56
NaN	58.338497	-25.59
NaN	58.359913	-25.62
NaN	58.381245	-25.65
NaN	58.402493	-25.68
NaN	58.423656	-25.71
NaN	58.444735	-25.74
NaN	58.465729	-25.77
NaN	58.486638	-25.8
NaN	58.507462	-25.83
NaN	58.528201	-25.86
NaN	58.548855	-25.89
NaN	58.569424	-25.92
NaN	58.589906	-25.95
NaN	58.610304	-25.98
NaN	58.630615	-26.01
NaN	58.650841	-26.04
NaN	58.67098	-26.07
NaN	58.691033	-26.1
NaN	58.711	-26.13
NaN	58.73088	-26.16
NaN	58.750674	-26.19
NaN	58.770381	-26.22
NaN	58.79	-26.25
NaN	58.809533	-26.28
NaN	58.828978	-26.31
NaN	58.848335	-26.34
NaN	58.867605	-26.37
NaN	58.886787	-26.4
NaN	58.905881	-26.43
NaN	58.924886	-26.46
NaN	58.943803	-26.49
NaN	58.962631	-26.52
NaN	58.981371	-26.55
NaN	59.000021	-26.58
NaN	59.018582	-26.61
NaN	59.037053	-26.64
NaN	59.055434	-26.67
NaN	59.073726	-26.7
NaN	59.091927	-26.73
NaN	59.110038	-26.76
NaN	59.128057	-26.79
NaN	59.145986	-26.82
NaN	59.163824	-26.85
NaN	59.18157	-26.88
NaN	59.199225	-26.91
NaN	59.216787	-26.94
NaN	59.234258	-26.97
NaN	59.251635	-27.0
NaN	59.26892	-27.03
NaN	59.286111	-27.06
NaN	59.303209	-27.09
NaN	59.320214	-27.12
NaN	59.337124	-27.15
NaN	59.35394	-27.18
NaN	59.370661	-27.21
NaN	59.387287	-27.24
NaN	59.403817	-27.27
NaN	59.420252	-27.3
NaN	59.43659	-27.33
NaN	59.452833	-27.36
NaN	59.468978	-27.39
NaN	59.485026	-27.42
NaN	59.500976	-27.45
NaN	59.516829	-27.48
NaN	59.532583	-27.51
NaN	59.548238	-27.54
NaN	59.563793	-27.57
NaN	59.579249	-27.6
NaN	59.594605	-27.63
NaN	59.60986	-27.66
NaN	59.625014	-27.69
NaN	59.640067	-27.72
NaN	59.655017	-27.75
NaN	59.669865	-27.78
NaN	59.684609	-27.81
NaN	59.69925	-27.84
NaN	59.713787	-27.87
NaN	59.728218	-27.9
NaN	59.742545	-27.93
NaN	59.756765	-27.96
NaN	59.770879	-27.99
NaN	59.784886	-28.02
NaN	59.798785	-28.05
NaN	59.812575	-28.08
NaN	59.826257	-28.11
NaN	59.839828	-28.14
NaN	59.853289	-28.17
NaN	59.866638	-28.2
NaN	59.879875	-28.23
NaN	59.893	-28.26
NaN	59.906011	-28.29
NaN	59.918907	-28.32
NaN	59.931688	-28.35
NaN	59.944352	-28.38
NaN	59.9569	-28.41
NaN	59.969329	-28.44
NaN	59.981639	-28.47
NaN	59.993829	-28.5
NaN	60.005898	-28.53
NaN	60.017845	-28.56
NaN	60.029668	-28.59
NaN	60.041367	-28.62
NaN	60.05294	-28.65
NaN	60.064386	-28.68
NaN	60.075704	-28.71
NaN	60.086892	-28.74
NaN	60.09795	-28.77
NaN	60.108875	-28.8
NaN	60.119666	-28.83
NaN	60.130321	-28.86
NaN	60.14084	-28.89
NaN	60.151219	-28.92
NaN	60.161458	-28.95
NaN	60.171554	-28.98
NaN	60.181506	-29.01
NaN	60.191311	-29.04
NaN	60.200968	-29.07
NaN	60.210473	-29.1
NaN	60.219825	-29.13
NaN	60.229021	-29.16
NaN	60.238059	-29.19
NaN	60.246935	-29.22
NaN	60.255646	-29.25
NaN	60.26419	-29.28
NaN	60.272562	-29.31
NaN	60.28076	-29.34
NaN	60.288779	-29.37
NaN	60.296615	-29.4
NaN	60.304264	-29.43
NaN	60.31172	-29.46
NaN	60.318979	-29.49
NaN	60.326034	-29.52
NaN	60.332879	-29.55
NaN	60.339507	-29.58
NaN	60.34591	-29.61
NaN	60.35208	-29.64
NaN	60.358006	-29.67
NaN	60.363678	-29.7
NaN	60.369082	-29.73
NaN	60.374204	-29.76
NaN	60.379024	-29.79
NaN	60.383523	-29.82
NaN	60.387671	-29.85
NaN	60.391435	-29.88
NaN	60.394765	-29.91
NaN	60.397591	-29.94
NaN	60.399785	-29.97
NaN	60.400996	-30.0
