blah
blah
0.000	-30.000000	60.400996
0.000	-29.970000	60.399785
0.000	-29.940000	60.397591
0.000	-29.910000	60.394765
0.000	-29.880000	60.391435
0.000	-29.850000	60.387671
0.000	-29.820000	60.383523
0.000	-29.790000	60.379024
0.000	-29.760000	60.374204
0.000	-29.730000	60.369082
0.000	-29.700000	60.363678
0.000	-29.670000	60.358006
0.000	-29.640000	60.352080
0.000	-29.610000	60.345910
0.000	-29.580000	60.339507
0.000	-29.550000	60.332879
0.000	-29.520000	60.326034
0.000	-29.490000	60.318979
0.000	-29.460000	60.311720
0.000	-29.430000	60.304264
0.000	-29.400000	60.296615
0.000	-29.370000	60.288779
0.000	-29.340000	60.280760
0.000	-29.310000	60.272562
0.000	-29.280000	60.264190
0.000	-29.250000	60.255646
0.000	-29.220000	60.246935
0.000	-29.190000	60.238059
0.000	-29.160000	60.229021
0.000	-29.130000	60.219825
0.000	-29.100000	60.210473
0.000	-29.070000	60.200968
0.000	-29.040000	60.191311
0.000	-29.010000	60.181506
0.000	-28.980000	60.171554
0.000	-28.950000	60.161458
0.000	-28.920000	60.151219
0.000	-28.890000	60.140840
0.000	-28.860000	60.130321
0.000	-28.830000	60.119666
0.000	-28.800000	60.108875
0.000	-28.770000	60.097950
0.000	-28.740000	60.086892
0.000	-28.710000	60.075704
0.000	-28.680000	60.064386
0.000	-28.650000	60.052940
0.000	-28.620000	60.041367
0.000	-28.590000	60.029668
0.000	-28.560000	60.017845
0.000	-28.530000	60.005898
0.000	-28.500000	59.993829
0.000	-28.470000	59.981639
0.000	-28.440000	59.969329
0.000	-28.410000	59.956900
0.000	-28.380000	59.944352
0.000	-28.350000	59.931688
0.000	-28.320000	59.918907
0.000	-28.290000	59.906011
0.000	-28.260000	59.893000
0.000	-28.230000	59.879875
0.000	-28.200000	59.866638
0.000	-28.170000	59.853289
0.000	-28.140000	59.839828
0.000	-28.110000	59.826257
0.000	-28.080000	59.812575
0.000	-28.050000	59.798785
0.000	-28.020000	59.784886
0.000	-27.990000	59.770879
0.000	-27.960000	59.756765
0.000	-27.930000	59.742545
0.000	-27.900000	59.728218
0.000	-27.870000	59.713787
0.000	-27.840000	59.699250
0.000	-27.810000	59.684609
0.000	-27.780000	59.669865
0.000	-27.750000	59.655017
0.000	-27.720000	59.640067
0.000	-27.690000	59.625014
0.000	-27.660000	59.609860
0.000	-27.630000	59.594605
0.000	-27.600000	59.579249
0.000	-27.570000	59.563793
0.000	-27.540000	59.548238
0.000	-27.510000	59.532583
0.000	-27.480000	59.516829
0.000	-27.450000	59.500976
0.000	-27.420000	59.485026
0.000	-27.390000	59.468978
0.000	-27.360000	59.452833
0.000	-27.330000	59.436590
0.000	-27.300000	59.420252
0.000	-27.270000	59.403817
0.000	-27.240000	59.387287
0.000	-27.210000	59.370661
0.000	-27.180000	59.353940
0.000	-27.150000	59.337124
0.000	-27.120000	59.320214
0.000	-27.090000	59.303209
0.000	-27.060000	59.286111
0.000	-27.030000	59.268920
0.000	-27.000000	59.251635
0.000	-26.970000	59.234258
0.000	-26.940000	59.216787
0.000	-26.910000	59.199225
0.000	-26.880000	59.181570
0.000	-26.850000	59.163824
0.000	-26.820000	59.145986
0.000	-26.790000	59.128057
0.000	-26.760000	59.110038
0.000	-26.730000	59.091927
0.000	-26.700000	59.073726
0.000	-26.670000	59.055434
0.000	-26.640000	59.037053
0.000	-26.610000	59.018582
0.000	-26.580000	59.000021
0.000	-26.550000	58.981371
0.000	-26.520000	58.962631
0.000	-26.490000	58.943803
0.000	-26.460000	58.924886
0.000	-26.430000	58.905881
0.000	-26.400000	58.886787
0.000	-26.370000	58.867605
0.000	-26.340000	58.848335
0.000	-26.310000	58.828978
0.000	-26.280000	58.809533
0.000	-26.250000	58.790000
0.000	-26.220000	58.770381
0.000	-26.190000	58.750674
0.000	-26.160000	58.730880
0.000	-26.130000	58.711000
0.000	-26.100000	58.691033
0.000	-26.070000	58.670980
0.000	-26.040000	58.650841
0.000	-26.010000	58.630615
0.000	-25.980000	58.610304
0.000	-25.950000	58.589906
0.000	-25.920000	58.569424
0.000	-25.890000	58.548855
0.000	-25.860000	58.528201
0.000	-25.830000	58.507462
0.000	-25.800000	58.486638
0.000	-25.770000	58.465729
0.000	-25.740000	58.444735
0.000	-25.710000	58.423656
0.000	-25.680000	58.402493
0.000	-25.650000	58.381245
0.000	-25.620000	58.359913
0.000	-25.590000	58.338497
0.000	-25.560000	58.316996
0.000	-25.530000	58.295411
0.000	-25.500000	58.273743
0.000	-25.470000	58.251990
0.000	-25.440000	58.230154
0.000	-25.410000	58.208234
0.000	-25.380000	58.186231
0.000	-25.350000	58.164144
0.000	-25.320000	58.141974
0.000	-25.290000	58.119720
0.000	-25.260000	58.097383
0.000	-25.230000	58.074964
0.000	-25.200000	58.052461
0.000	-25.170000	58.029875
0.000	-25.140000	58.007206
0.000	-25.110000	57.984455
0.000	-25.080000	57.961620
0.000	-25.050000	57.938704
0.000	-25.020000	57.915704
0.000	-24.990000	57.892622
0.000	-24.960000	57.869458
0.000	-24.930000	57.846211
0.000	-24.900000	57.822882
0.000	-24.870000	57.799471
0.000	-24.840000	57.775977
0.000	-24.810000	57.752401
0.000	-24.780000	57.728744
0.000	-24.750000	57.705004
0.000	-24.720000	57.681182
0.000	-24.690000	57.657279
0.000	-24.660000	57.633293
0.000	-24.630000	57.609226
0.000	-24.600000	57.585077
0.000	-24.570000	57.560846
0.000	-24.540000	57.536533
0.000	-24.510000	57.512139
0.000	-24.480000	57.487663
0.000	-24.450000	57.463106
0.000	-24.420000	57.438467
0.000	-24.390000	57.413747
0.000	-24.360000	57.388945
0.000	-24.330000	57.364061
0.000	-24.300000	57.339097
0.000	-24.270000	57.314051
0.000	-24.240000	57.288923
0.000	-24.210000	57.263715
0.000	-24.180000	57.238425
0.000	-24.150000	57.213054
0.000	-24.120000	57.187601
0.000	-24.090000	57.162067
0.000	-24.060000	57.136453
0.000	-24.030000	57.110756
0.000	-24.000000	57.084979
0.000	-23.970000	57.059121
0.000	-23.940000	57.033182
0.000	-23.910000	57.007161
0.000	-23.880000	56.981059
0.000	-23.850000	56.954877
0.000	-23.820000	56.928613
0.000	-23.790000	56.902268
0.000	-23.760000	56.875842
0.000	-23.730000	56.849335
0.000	-23.700000	56.822747
0.000	-23.670000	56.796078
0.000	-23.640000	56.769328
0.000	-23.610000	56.742496
0.000	-23.580000	56.715584
0.000	-23.550000	56.688591
0.000	-23.520000	56.661517
0.000	-23.490000	56.634362
0.000	-23.460000	56.607125
0.000	-23.430000	56.579808
0.000	-23.400000	56.552409
0.000	-23.370000	56.524930
0.000	-23.340000	56.497369
0.000	-23.310000	56.469728
0.000	-23.280000	56.442005
0.000	-23.250000	56.414201
0.000	-23.220000	56.386316
0.000	-23.190000	56.358350
0.000	-23.160000	56.330303
0.000	-23.130000	56.302175
0.000	-23.100000	56.273965
0.000	-23.070000	56.245675
0.000	-23.040000	56.217303
0.000	-23.010000	56.188850
0.000	-22.980000	56.160315
0.000	-22.950000	56.131700
0.000	-22.920000	56.103003
0.000	-22.890000	56.074225
0.000	-22.860000	56.045365
0.000	-22.830000	56.016425
0.000	-22.800000	55.987402
0.000	-22.770000	55.958299
0.000	-22.740000	55.929114
0.000	-22.710000	55.899847
0.000	-22.680000	55.870499
0.000	-22.650000	55.841070
0.000	-22.620000	55.811559
0.000	-22.590000	55.781966
0.000	-22.560000	55.752292
0.000	-22.530000	55.722536
0.000	-22.500000	55.692699
0.000	-22.470000	55.662779
0.000	-22.440000	55.632778
0.000	-22.410000	55.602696
0.000	-22.380000	55.572531
0.000	-22.350000	55.542284
0.000	-22.320000	55.511956
0.000	-22.290000	55.481546
0.000	-22.260000	55.451053
0.000	-22.230000	55.420479
0.000	-22.200000	55.389822
0.000	-22.170000	55.359084
0.000	-22.140000	55.328263
0.000	-22.110000	55.297360
0.000	-22.080000	55.266375
0.000	-22.050000	55.235307
0.000	-22.020000	55.204158
0.000	-21.990000	55.172925
0.000	-21.960000	55.141611
0.000	-21.930000	55.110213
0.000	-21.900000	55.078734
0.000	-21.870000	55.047171
0.000	-21.840000	55.015526
0.000	-21.810000	54.983798
0.000	-21.780000	54.951988
0.000	-21.750000	54.920094
0.000	-21.720000	54.888118
0.000	-21.690000	54.856059
0.000	-21.660000	54.823917
0.000	-21.630000	54.791692
0.000	-21.600000	54.759383
0.000	-21.570000	54.726992
0.000	-21.540000	54.694517
0.000	-21.510000	54.661959
0.000	-21.480000	54.629317
0.000	-21.450000	54.596593
0.000	-21.420000	54.563784
0.000	-21.390000	54.530892
0.000	-21.360000	54.497917
0.000	-21.330000	54.464858
0.000	-21.300000	54.431715
0.000	-21.270000	54.398488
0.000	-21.240000	54.365177
0.000	-21.210000	54.331783
0.000	-21.180000	54.298304
0.000	-21.150000	54.264741
0.000	-21.120000	54.231094
0.000	-21.090000	54.197363
0.000	-21.060000	54.163548
0.000	-21.030000	54.129648
0.000	-21.000000	54.095664
0.000	-20.970000	54.061595
0.000	-20.940000	54.027441
0.000	-20.910000	53.993203
0.000	-20.880000	53.958880
0.000	-20.850000	53.924472
0.000	-20.820000	53.889980
0.000	-20.790000	53.855402
0.000	-20.760000	53.820739
0.000	-20.730000	53.785991
0.000	-20.700000	53.751158
0.000	-20.670000	53.716239
0.000	-20.640000	53.681235
0.000	-20.610000	53.646146
0.000	-20.580000	53.610971
0.000	-20.550000	53.575710
0.000	-20.520000	53.540363
0.000	-20.490000	53.504931
0.000	-20.460000	53.469413
0.000	-20.430000	53.433809
0.000	-20.400000	53.398118
0.000	-20.370000	53.362341
0.000	-20.340000	53.326479
0.000	-20.310000	53.290529
0.000	-20.280000	53.254493
0.000	-20.250000	53.218371
0.000	-20.220000	53.182162
0.000	-20.190000	53.145866
0.000	-20.160000	53.109484
0.000	-20.130000	53.073014
0.000	-20.100000	53.036458
0.000	-20.070000	52.999814
0.000	-20.040000	52.963083
0.000	-20.010000	52.926265
0.000	-19.980000	52.889359
0.000	-19.950000	52.852366
0.000	-19.920000	52.815285
0.000	-19.890000	52.778116
0.000	-19.860000	52.740860
0.000	-19.830000	52.703515
0.000	-19.800000	52.666083
0.000	-19.770000	52.628562
0.000	-19.740000	52.590953
0.000	-19.710000	52.553256
0.000	-19.680000	52.515471
0.000	-19.650000	52.477596
0.000	-19.620000	52.439634
0.000	-19.590000	52.401582
0.000	-19.560000	52.363441
0.000	-19.530000	52.325212
0.000	-19.500000	52.286893
0.000	-19.470000	52.248485
0.000	-19.440000	52.209988
0.000	-19.410000	52.171401
0.000	-19.380000	52.132725
0.000	-19.350000	52.093959
0.000	-19.320000	52.055103
0.000	-19.290000	52.016158
0.000	-19.260000	51.977122
0.000	-19.230000	51.937996
0.000	-19.200000	51.898780
0.000	-19.170000	51.859474
0.000	-19.140000	51.820077
0.000	-19.110000	51.780590
0.000	-19.080000	51.741011
0.000	-19.050000	51.701342
0.000	-19.020000	51.661582
0.000	-18.990000	51.621731
0.000	-18.960000	51.581789
0.000	-18.930000	51.541755
0.000	-18.900000	51.501630
0.000	-18.870000	51.461413
0.000	-18.840000	51.421105
0.000	-18.810000	51.380705
0.000	-18.780000	51.340213
0.000	-18.750000	51.299628
0.000	-18.720000	51.258952
0.000	-18.690000	51.218183
0.000	-18.660000	51.177321
0.000	-18.630000	51.136367
0.000	-18.600000	51.095321
0.000	-18.570000	51.054181
0.000	-18.540000	51.012949
0.000	-18.510000	50.971623
0.000	-18.480000	50.930204
0.000	-18.450000	50.888691
0.000	-18.420000	50.847086
0.000	-18.390000	50.805386
0.000	-18.360000	50.763592
0.000	-18.330000	50.721705
0.000	-18.300000	50.679724
0.000	-18.270000	50.637648
0.000	-18.240000	50.595478
0.000	-18.210000	50.553213
0.000	-18.180000	50.510854
0.000	-18.150000	50.468400
0.000	-18.120000	50.425851
0.000	-18.090000	50.383207
0.000	-18.060000	50.340468
0.000	-18.030000	50.297633
0.000	-18.000000	50.254703
0.000	-17.970000	50.211677
0.000	-17.940000	50.168556
0.000	-17.910000	50.125338
0.000	-17.880000	50.082025
0.000	-17.850000	50.038615
0.000	-17.820000	49.995109
0.000	-17.790000	49.951506
0.000	-17.760000	49.907806
0.000	-17.730000	49.864010
0.000	-17.700000	49.820117
0.000	-17.670000	49.776126
0.000	-17.640000	49.732038
0.000	-17.610000	49.687853
0.000	-17.580000	49.643570
0.000	-17.550000	49.599190
0.000	-17.520000	49.554711
0.000	-17.490000	49.510134
0.000	-17.460000	49.465460
0.000	-17.430000	49.420686
0.000	-17.400000	49.375814
0.000	-17.370000	49.330844
0.000	-17.340000	49.285774
0.000	-17.310000	49.240606
0.000	-17.280000	49.195338
0.000	-17.250000	49.149971
0.000	-17.220000	49.104504
0.000	-17.190000	49.058938
0.000	-17.160000	49.013272
0.000	-17.130000	48.967506
0.000	-17.100000	48.921639
0.000	-17.070000	48.875673
0.000	-17.040000	48.829605
0.000	-17.010000	48.783437
0.000	-16.980000	48.737169
0.000	-16.950000	48.690799
0.000	-16.920000	48.644328
0.000	-16.890000	48.597755
0.000	-16.860000	48.551081
0.000	-16.830000	48.504305
0.000	-16.800000	48.457428
0.000	-16.770000	48.410448
0.000	-16.740000	48.363366
0.000	-16.710000	48.316182
0.000	-16.680000	48.268895
0.000	-16.650000	48.221505
0.000	-16.620000	48.174012
0.000	-16.590000	48.126416
0.000	-16.560000	48.078717
0.000	-16.530000	48.030914
0.000	-16.500000	47.983008
0.000	-16.470000	47.934998
0.000	-16.440000	47.886883
0.000	-16.410000	47.838665
0.000	-16.380000	47.790342
0.000	-16.350000	47.741914
0.000	-16.320000	47.693382
0.000	-16.290000	47.644745
0.000	-16.260000	47.596002
0.000	-16.230000	47.547155
0.000	-16.200000	47.498201
0.000	-16.170000	47.449142
0.000	-16.140000	47.399977
0.000	-16.110000	47.350706
0.000	-16.080000	47.301329
0.000	-16.050000	47.251845
0.000	-16.020000	47.202254
0.000	-15.990000	47.152557
0.000	-15.960000	47.102752
0.000	-15.930000	47.052840
0.000	-15.900000	47.002821
0.000	-15.870000	46.952694
0.000	-15.840000	46.902459
0.000	-15.810000	46.852117
0.000	-15.780000	46.801666
0.000	-15.750000	46.751106
0.000	-15.720000	46.700438
0.000	-15.690000	46.649661
0.000	-15.660000	46.598774
0.000	-15.630000	46.547779
0.000	-15.600000	46.496674
0.000	-15.570000	46.445460
0.000	-15.540000	46.394135
0.000	-15.510000	46.342701
0.000	-15.480000	46.291156
0.000	-15.450000	46.239500
0.000	-15.420000	46.187734
0.000	-15.390000	46.135857
0.000	-15.360000	46.083869
0.000	-15.330000	46.031770
0.000	-15.300000	45.979559
0.000	-15.270000	45.927236
0.000	-15.240000	45.874801
0.000	-15.210000	45.822254
0.000	-15.180000	45.769595
0.000	-15.150000	45.716823
0.000	-15.120000	45.663938
0.000	-15.090000	45.610940
0.000	-15.060000	45.557829
0.000	-15.030000	45.504605
0.000	-15.000000	45.451266
0.000	-14.970000	45.397814
0.000	-14.940000	45.344247
0.000	-14.910000	45.290567
0.000	-14.880000	45.236771
0.000	-14.850000	45.182861
0.000	-14.820000	45.128836
0.000	-14.790000	45.074695
0.000	-14.760000	45.020439
0.000	-14.730000	44.966067
0.000	-14.700000	44.911579
0.000	-14.670000	44.856975
0.000	-14.640000	44.802255
0.000	-14.610000	44.747418
0.000	-14.580000	44.692464
0.000	-14.550000	44.637393
0.000	-14.520000	44.582205
0.000	-14.490000	44.526899
0.000	-14.460000	44.471476
0.000	-14.430000	44.415934
0.000	-14.400000	44.360274
0.000	-14.370000	44.304496
0.000	-14.340000	44.248598
0.000	-14.310000	44.192582
0.000	-14.280000	44.136447
0.000	-14.250000	44.080192
0.000	-14.220000	44.023818
0.000	-14.190000	43.967323
0.000	-14.160000	43.910709
0.000	-14.130000	43.853974
0.000	-14.100000	43.797118
0.000	-14.070000	43.740141
0.000	-14.040000	43.683044
0.000	-14.010000	43.625824
0.000	-13.980000	43.568484
0.000	-13.950000	43.511021
0.000	-13.920000	43.453436
0.000	-13.890000	43.395729
0.000	-13.860000	43.337899
0.000	-13.830000	43.279947
0.000	-13.800000	43.221871
0.000	-13.770000	43.163672
0.000	-13.740000	43.105349
0.000	-13.710000	43.046902
0.000	-13.680000	42.988332
0.000	-13.650000	42.929636
0.000	-13.620000	42.870817
0.000	-13.590000	42.811872
0.000	-13.560000	42.752802
0.000	-13.530000	42.693607
0.000	-13.500000	42.634286
0.000	-13.470000	42.574839
0.000	-13.440000	42.515266
0.000	-13.410000	42.455566
0.000	-13.380000	42.395740
0.000	-13.350000	42.335787
0.000	-13.320000	42.275706
0.000	-13.290000	42.215498
0.000	-13.260000	42.155163
0.000	-13.230000	42.094699
0.000	-13.200000	42.034107
0.000	-13.170000	41.973386
0.000	-13.140000	41.912537
0.000	-13.110000	41.851558
0.000	-13.080000	41.790450
0.000	-13.050000	41.729213
0.000	-13.020000	41.667846
0.000	-12.990000	41.606348
0.000	-12.960000	41.544720
0.000	-12.930000	41.482961
0.000	-12.900000	41.421072
0.000	-12.870000	41.359051
0.000	-12.840000	41.296898
0.000	-12.810000	41.234614
0.000	-12.780000	41.172198
0.000	-12.750000	41.109649
0.000	-12.720000	41.046967
0.000	-12.690000	40.984153
0.000	-12.660000	40.921206
0.000	-12.630000	40.858125
0.000	-12.600000	40.794910
0.000	-12.570000	40.731562
0.000	-12.540000	40.668078
0.000	-12.510000	40.604461
0.000	-12.480000	40.540708
0.000	-12.450000	40.476821
0.000	-12.420000	40.412798
0.000	-12.390000	40.348639
0.000	-12.360000	40.284344
0.000	-12.330000	40.219913
0.000	-12.300000	40.155345
0.000	-12.270000	40.090641
0.000	-12.240000	40.025799
0.000	-12.210000	39.960820
0.000	-12.180000	39.895703
0.000	-12.150000	39.830449
0.000	-12.120000	39.765055
0.000	-12.090000	39.699524
0.000	-12.060000	39.633853
0.000	-12.030000	39.568043
0.000	-12.000000	39.502094
0.000	-11.970000	39.436005
0.000	-11.940000	39.369776
0.000	-11.910000	39.303406
0.000	-11.880000	39.236896
0.000	-11.850000	39.170245
0.000	-11.820000	39.103453
0.000	-11.790000	39.036519
0.000	-11.760000	38.969443
0.000	-11.730000	38.902226
0.000	-11.700000	38.834865
0.000	-11.670000	38.767363
0.000	-11.640000	38.699717
0.000	-11.610000	38.631927
0.000	-11.580000	38.563995
0.000	-11.550000	38.495918
0.000	-11.520000	38.427697
0.000	-11.490000	38.359331
0.000	-11.460000	38.290821
0.000	-11.430000	38.222165
0.000	-11.400000	38.153365
0.000	-11.370000	38.084418
0.000	-11.340000	38.015325
0.000	-11.310000	37.946086
0.000	-11.280000	37.876701
0.000	-11.250000	37.807168
0.000	-11.220000	37.737488
0.000	-11.190000	37.667661
0.000	-11.160000	37.597686
0.000	-11.130000	37.527562
0.000	-11.100000	37.457290
0.000	-11.070000	37.386870
0.000	-11.040000	37.316300
0.000	-11.010000	37.245581
0.000	-10.980000	37.174712
0.000	-10.950000	37.103693
0.000	-10.920000	37.032524
0.000	-10.890000	36.961204
0.000	-10.860000	36.889733
0.000	-10.830000	36.818111
0.000	-10.800000	36.746338
0.000	-10.770000	36.674413
0.000	-10.740000	36.602335
0.000	-10.710000	36.530105
0.000	-10.680000	36.457722
0.000	-10.650000	36.385186
0.000	-10.620000	36.312497
0.000	-10.590000	36.239654
0.000	-10.560000	36.166656
0.000	-10.530000	36.093505
0.000	-10.500000	36.020199
0.000	-10.470000	35.946738
0.000	-10.440000	35.873121
0.000	-10.410000	35.799349
0.000	-10.380000	35.725421
0.000	-10.350000	35.651337
0.000	-10.320000	35.577096
0.000	-10.290000	35.502699
0.000	-10.260000	35.428144
0.000	-10.230000	35.353432
0.000	-10.200000	35.278562
0.000	-10.170000	35.203534
0.000	-10.140000	35.128348
0.000	-10.110000	35.053003
0.000	-10.080000	34.977499
0.000	-10.050000	34.901835
0.000	-10.020000	34.826012
0.000	-9.990000	34.750029
0.000	-9.960000	34.673885
0.000	-9.930000	34.597581
0.000	-9.900000	34.521117
0.000	-9.870000	34.444491
0.000	-9.840000	34.367703
0.000	-9.810000	34.290754
0.000	-9.780000	34.213642
0.000	-9.750000	34.136368
0.000	-9.720000	34.058931
0.000	-9.690000	33.981332
0.000	-9.660000	33.903569
0.000	-9.630000	33.825642
0.000	-9.600000	33.747551
0.000	-9.570000	33.669296
0.000	-9.540000	33.590876
0.000	-9.510000	33.512292
0.000	-9.480000	33.433542
0.000	-9.450000	33.354627
0.000	-9.420000	33.275545
0.000	-9.390000	33.196298
0.000	-9.360000	33.116884
0.000	-9.330000	33.037304
0.000	-9.300000	32.957557
0.000	-9.270000	32.877642
0.000	-9.240000	32.797559
0.000	-9.210000	32.717309
0.000	-9.180000	32.636890
0.000	-9.150000	32.556303
0.000	-9.120000	32.475547
0.000	-9.090000	32.394622
0.000	-9.060000	32.313528
0.000	-9.030000	32.232264
0.000	-9.000000	32.150829
0.000	-8.970000	32.069225
0.000	-8.940000	31.987450
0.000	-8.910000	31.905504
0.000	-8.880000	31.823386
0.000	-8.850000	31.741098
0.000	-8.820000	31.658637
0.000	-8.790000	31.576005
0.000	-8.760000	31.493200
0.000	-8.730000	31.410222
0.000	-8.700000	31.327072
0.000	-8.670000	31.243748
0.000	-8.640000	31.160251
0.000	-8.610000	31.076580
0.000	-8.580000	30.992735
0.000	-8.550000	30.908716
0.000	-8.520000	30.824523
0.000	-8.490000	30.740154
0.000	-8.460000	30.655610
0.000	-8.430000	30.570891
0.000	-8.400000	30.485996
0.000	-8.370000	30.400925
0.000	-8.340000	30.315679
0.000	-8.310000	30.230255
0.000	-8.280000	30.144655
0.000	-8.250000	30.058878
0.000	-8.220000	29.972923
0.000	-8.190000	29.886791
0.000	-8.160000	29.800481
0.000	-8.130000	29.713994
0.000	-8.100000	29.627328
0.000	-8.070000	29.540483
0.000	-8.040000	29.453460
0.000	-8.010000	29.366257
0.000	-7.980000	29.278875
0.000	-7.950000	29.191314
0.000	-7.920000	29.103573
0.000	-7.890000	29.015652
0.000	-7.860000	28.927551
0.000	-7.830000	28.839269
0.000	-7.800000	28.750807
0.000	-7.770000	28.662164
0.000	-7.740000	28.573339
0.000	-7.710000	28.484333
0.000	-7.680000	28.395146
0.000	-7.650000	28.305776
0.000	-7.620000	28.216225
0.000	-7.590000	28.126492
0.000	-7.560000	28.036576
0.000	-7.530000	27.946477
0.000	-7.500000	27.856195
0.000	-7.470000	27.765731
0.000	-7.440000	27.675083
0.000	-7.410000	27.584251
0.000	-7.380000	27.493236
0.000	-7.350000	27.402037
0.000	-7.320000	27.310654
0.000	-7.290000	27.219087
0.000	-7.260000	27.127336
0.000	-7.230000	27.035399
0.000	-7.200000	26.943278
0.000	-7.170000	26.850972
0.000	-7.140000	26.758482
0.000	-7.110000	26.665805
0.000	-7.080000	26.572944
0.000	-7.050000	26.479896
0.000	-7.020000	26.386663
0.000	-6.990000	26.293245
0.000	-6.960000	26.199640
0.000	-6.930000	26.105849
0.000	-6.900000	26.011871
0.000	-6.870000	25.917707
0.000	-6.840000	25.823357
0.000	-6.810000	25.728820
0.000	-6.780000	25.634096
0.000	-6.750000	25.539185
0.000	-6.720000	25.444087
0.000	-6.690000	25.348802
0.000	-6.660000	25.253330
0.000	-6.630000	25.157671
0.000	-6.600000	25.061823
0.000	-6.570000	24.965789
0.000	-6.540000	24.869567
0.000	-6.510000	24.773157
0.000	-6.480000	24.676559
0.000	-6.450000	24.579773
0.000	-6.420000	24.482800
0.000	-6.390000	24.385638
0.000	-6.360000	24.288289
0.000	-6.330000	24.190751
0.000	-6.300000	24.093025
0.000	-6.270000	23.995111
0.000	-6.240000	23.897009
0.000	-6.210000	23.798719
0.000	-6.180000	23.700240
0.000	-6.150000	23.601573
0.000	-6.120000	23.502718
0.000	-6.090000	23.403674
0.000	-6.060000	23.304442
0.000	-6.030000	23.205022
0.000	-6.000000	23.105413
0.000	-5.970000	23.005616
0.000	-5.940000	22.905631
0.000	-5.910000	22.805458
0.000	-5.880000	22.705097
0.000	-5.850000	22.604547
0.000	-5.820000	22.503809
0.000	-5.790000	22.402883
0.000	-5.760000	22.301769
0.000	-5.730000	22.200468
0.000	-5.700000	22.098978
0.000	-5.670000	21.997301
0.000	-5.640000	21.895435
0.000	-5.610000	21.793383
0.000	-5.580000	21.691142
0.000	-5.550000	21.588715
0.000	-5.520000	21.486100
0.000	-5.490000	21.383298
0.000	-5.460000	21.280309
0.000	-5.430000	21.177133
0.000	-5.400000	21.073770
0.000	-5.370000	20.970221
0.000	-5.340000	20.866485
0.000	-5.310000	20.762563
0.000	-5.280000	20.658455
0.000	-5.250000	20.554161
0.000	-5.220000	20.449681
0.000	-5.190000	20.345015
0.000	-5.160000	20.240165
0.000	-5.130000	20.135129
0.000	-5.100000	20.029908
0.000	-5.070000	19.924503
0.000	-5.040000	19.818913
0.000	-5.010000	19.713139
0.000	-4.980000	19.607181
0.000	-4.950000	19.501039
0.000	-4.920000	19.394714
0.000	-4.890000	19.288206
0.000	-4.860000	19.181515
0.000	-4.830000	19.074642
0.000	-4.800000	18.967586
0.000	-4.770000	18.860349
0.000	-4.740000	18.752929
0.000	-4.710000	18.645329
0.000	-4.680000	18.537548
0.000	-4.650000	18.429586
0.000	-4.620000	18.321444
0.000	-4.590000	18.213122
0.000	-4.560000	18.104620
0.000	-4.530000	17.995940
0.000	-4.500000	17.887081
0.000	-4.470000	17.778044
0.000	-4.440000	17.668829
0.000	-4.410000	17.559436
0.000	-4.380000	17.449867
0.000	-4.350000	17.340121
0.000	-4.320000	17.230198
0.000	-4.290000	17.120101
0.000	-4.260000	17.009828
0.000	-4.230000	16.899381
0.000	-4.200000	16.788759
0.000	-4.170000	16.677964
0.000	-4.140000	16.566996
0.000	-4.110000	16.455855
0.000	-4.080000	16.344543
0.000	-4.050000	16.233058
0.000	-4.020000	16.121403
0.000	-3.990000	16.009578
0.000	-3.960000	15.897582
0.000	-3.930000	15.785418
0.000	-3.900000	15.673085
0.000	-3.870000	15.560584
0.000	-3.840000	15.447916
0.000	-3.810000	15.335081
0.000	-3.780000	15.222080
0.000	-3.750000	15.108914
0.000	-3.720000	14.995583
0.000	-3.690000	14.882088
0.000	-3.660000	14.768430
0.000	-3.630000	14.654609
0.000	-3.600000	14.540626
0.000	-3.570000	14.426482
0.000	-3.540000	14.312178
0.000	-3.510000	14.197714
0.000	-3.480000	14.083091
0.000	-3.450000	13.968309
0.000	-3.420000	13.853371
0.000	-3.390000	13.738276
0.000	-3.360000	13.623025
0.000	-3.330000	13.507619
0.000	-3.300000	13.392059
0.000	-3.270000	13.276345
0.000	-3.240000	13.160479
0.000	-3.210000	13.044462
0.000	-3.180000	12.928294
0.000	-3.150000	12.811976
0.000	-3.120000	12.695509
0.000	-3.090000	12.578895
0.000	-3.060000	12.462133
0.000	-3.030000	12.345225
0.000	-3.000000	12.228171
0.000	-2.970000	12.110974
0.000	-2.940000	11.993633
0.000	-2.910000	11.876150
0.000	-2.880000	11.758526
0.000	-2.850000	11.640761
0.000	-2.820000	11.522857
0.000	-2.790000	11.404815
0.000	-2.760000	11.286636
0.000	-2.730000	11.168320
0.000	-2.700000	11.049870
0.000	-2.670000	10.931285
0.000	-2.640000	10.812567
0.000	-2.610000	10.693718
0.000	-2.580000	10.574738
0.000	-2.550000	10.455628
0.000	-2.520000	10.336390
0.000	-2.490000	10.217024
0.000	-2.460000	10.097532
0.000	-2.430000	9.977915
0.000	-2.400000	9.858174
0.000	-2.370000	9.738311
0.000	-2.340000	9.618326
0.000	-2.310000	9.498221
0.000	-2.280000	9.377997
0.000	-2.250000	9.257655
0.000	-2.220000	9.137196
0.000	-2.190000	9.016622
0.000	-2.160000	8.895934
0.000	-2.130000	8.775133
0.000	-2.100000	8.654221
0.000	-2.070000	8.533199
0.000	-2.040000	8.412067
0.000	-2.010000	8.290829
0.000	-1.980000	8.169484
0.000	-1.950000	8.048034
0.000	-1.920000	7.926480
0.000	-1.890000	7.804824
0.000	-1.860000	7.683068
0.000	-1.830000	7.561212
0.000	-1.800000	7.439257
0.000	-1.770000	7.317207
0.000	-1.740000	7.195061
0.000	-1.710000	7.072821
0.000	-1.680000	6.950489
0.000	-1.650000	6.828065
0.000	-1.620000	6.705553
0.000	-1.590000	6.582952
0.000	-1.560000	6.460264
0.000	-1.530000	6.337492
0.000	-1.500000	6.214635
0.000	-1.470000	6.091697
0.000	-1.440000	5.968678
0.000	-1.410000	5.845579
0.000	-1.380000	5.722403
0.000	-1.350000	5.599151
0.000	-1.320000	5.475825
0.000	-1.290000	5.352425
0.000	-1.260000	5.228954
0.000	-1.230000	5.105412
0.000	-1.200000	4.981803
0.000	-1.170000	4.858126
0.000	-1.140000	4.734385
0.000	-1.110000	4.610579
0.000	-1.080000	4.486712
0.000	-1.050000	4.362784
0.000	-1.020000	4.238797
0.000	-0.990000	4.114753
0.000	-0.960000	3.990653
0.000	-0.930000	3.866499
0.000	-0.900000	3.742293
0.000	-0.870000	3.618036
0.000	-0.840000	3.493730
0.000	-0.810000	3.369376
0.000	-0.780000	3.244977
0.000	-0.750000	3.120533
0.000	-0.720000	2.996047
0.000	-0.690000	2.871520
0.000	-0.660000	2.746953
0.000	-0.630000	2.622350
0.000	-0.600000	2.497710
0.000	-0.570000	2.373036
0.000	-0.540000	2.248330
0.000	-0.510000	2.123593
0.000	-0.480000	1.998827
0.000	-0.450000	1.874033
0.000	-0.420000	1.749214
0.000	-0.390000	1.624370
0.000	-0.360000	1.499505
0.000	-0.330000	1.374618
0.000	-0.300000	1.249713
0.000	-0.270000	1.124791
0.000	-0.240000	0.999853
0.000	-0.210000	0.874902
0.000	-0.180000	0.749938
0.000	-0.150000	0.624964
0.000	-0.120000	0.499982
0.000	-0.090000	0.374992
0.000	-0.060000	0.249998
0.000	-0.030000	0.125000
0.000	0.000000	-0.000000
0.000	0.030000	-0.125000
0.000	0.060000	-0.249998
0.000	0.090000	-0.374992
0.000	0.120000	-0.499982
0.000	0.150000	-0.624964
0.000	0.180000	-0.749938
0.000	0.210000	-0.874902
0.000	0.240000	-0.999853
0.000	0.270000	-1.124791
0.000	0.300000	-1.249713
0.000	0.330000	-1.374618
0.000	0.360000	-1.499505
0.000	0.390000	-1.624370
0.000	0.420000	-1.749214
0.000	0.450000	-1.874033
0.000	0.480000	-1.998827
0.000	0.510000	-2.123593
0.000	0.540000	-2.248330
0.000	0.570000	-2.373036
0.000	0.600000	-2.497710
0.000	0.630000	-2.622350
0.000	0.660000	-2.746953
0.000	0.690000	-2.871520
0.000	0.720000	-2.996047
0.000	0.750000	-3.120533
0.000	0.780000	-3.244977
0.000	0.810000	-3.369376
0.000	0.840000	-3.493730
0.000	0.870000	-3.618036
0.000	0.900000	-3.742293
0.000	0.930000	-3.866499
0.000	0.960000	-3.990653
0.000	0.990000	-4.114753
0.000	1.020000	-4.238797
0.000	1.050000	-4.362784
0.000	1.080000	-4.486712
0.000	1.110000	-4.610579
0.000	1.140000	-4.734385
0.000	1.170000	-4.858126
0.000	1.200000	-4.981803
0.000	1.230000	-5.105412
0.000	1.260000	-5.228954
0.000	1.290000	-5.352425
0.000	1.320000	-5.475825
0.000	1.350000	-5.599151
0.000	1.380000	-5.722403
0.000	1.410000	-5.845579
0.000	1.440000	-5.968678
0.000	1.470000	-6.091697
0.000	1.500000	-6.214635
0.000	1.530000	-6.337492
0.000	1.560000	-6.460264
0.000	1.590000	-6.582952
0.000	1.620000	-6.705553
0.000	1.650000	-6.828065
0.000	1.680000	-6.950489
0.000	1.710000	-7.072821
0.000	1.740000	-7.195061
0.000	1.770000	-7.317207
0.000	1.800000	-7.439257
0.000	1.830000	-7.561212
0.000	1.860000	-7.683068
0.000	1.890000	-7.804824
0.000	1.920000	-7.926480
0.000	1.950000	-8.048034
0.000	1.980000	-8.169484
0.000	2.010000	-8.290829
0.000	2.040000	-8.412067
0.000	2.070000	-8.533199
0.000	2.100000	-8.654221
0.000	2.130000	-8.775133
0.000	2.160000	-8.895934
0.000	2.190000	-9.016622
0.000	2.220000	-9.137196
0.000	2.250000	-9.257655
0.000	2.280000	-9.377997
0.000	2.310000	-9.498221
0.000	2.340000	-9.618326
0.000	2.370000	-9.738311
0.000	2.400000	-9.858174
0.000	2.430000	-9.977915
0.000	2.460000	-10.097532
0.000	2.490000	-10.217024
0.000	2.520000	-10.336390
0.000	2.550000	-10.455628
0.000	2.580000	-10.574738
0.000	2.610000	-10.693718
0.000	2.640000	-10.812567
0.000	2.670000	-10.931285
0.000	2.700000	-11.049870
0.000	2.730000	-11.168320
0.000	2.760000	-11.286636
0.000	2.790000	-11.404815
0.000	2.820000	-11.522857
0.000	2.850000	-11.640761
0.000	2.880000	-11.758526
0.000	2.910000	-11.876150
0.000	2.940000	-11.993633
0.000	2.970000	-12.110974
0.000	3.000000	-12.228171
0.000	3.030000	-12.345225
0.000	3.060000	-12.462133
0.000	3.090000	-12.578895
0.000	3.120000	-12.695509
0.000	3.150000	-12.811976
0.000	3.180000	-12.928294
0.000	3.210000	-13.044462
0.000	3.240000	-13.160479
0.000	3.270000	-13.276345
0.000	3.300000	-13.392059
0.000	3.330000	-13.507619
0.000	3.360000	-13.623025
0.000	3.390000	-13.738276
0.000	3.420000	-13.853371
0.000	3.450000	-13.968309
0.000	3.480000	-14.083091
0.000	3.510000	-14.197714
0.000	3.540000	-14.312178
0.000	3.570000	-14.426482
0.000	3.600000	-14.540626
0.000	3.630000	-14.654609
0.000	3.660000	-14.768430
0.000	3.690000	-14.882088
0.000	3.720000	-14.995583
0.000	3.750000	-15.108914
0.000	3.780000	-15.222080
0.000	3.810000	-15.335081
0.000	3.840000	-15.447916
0.000	3.870000	-15.560584
0.000	3.900000	-15.673085
0.000	3.930000	-15.785418
0.000	3.960000	-15.897582
0.000	3.990000	-16.009578
0.000	4.020000	-16.121403
0.000	4.050000	-16.233058
0.000	4.080000	-16.344543
0.000	4.110000	-16.455855
0.000	4.140000	-16.566996
0.000	4.170000	-16.677964
0.000	4.200000	-16.788759
0.000	4.230000	-16.899381
0.000	4.260000	-17.009828
0.000	4.290000	-17.120101
0.000	4.320000	-17.230198
0.000	4.350000	-17.340121
0.000	4.380000	-17.449867
0.000	4.410000	-17.559436
0.000	4.440000	-17.668829
0.000	4.470000	-17.778044
0.000	4.500000	-17.887081
0.000	4.530000	-17.995940
0.000	4.560000	-18.104620
0.000	4.590000	-18.213122
0.000	4.620000	-18.321444
0.000	4.650000	-18.429586
0.000	4.680000	-18.537548
0.000	4.710000	-18.645329
0.000	4.740000	-18.752929
0.000	4.770000	-18.860349
0.000	4.800000	-18.967586
0.000	4.830000	-19.074642
0.000	4.860000	-19.181515
0.000	4.890000	-19.288206
0.000	4.920000	-19.394714
0.000	4.950000	-19.501039
0.000	4.980000	-19.607181
0.000	5.010000	-19.713139
0.000	5.040000	-19.818913
0.000	5.070000	-19.924503
0.000	5.100000	-20.029908
0.000	5.130000	-20.135129
0.000	5.160000	-20.240165
0.000	5.190000	-20.345015
0.000	5.220000	-20.449681
0.000	5.250000	-20.554161
0.000	5.280000	-20.658455
0.000	5.310000	-20.762563
0.000	5.340000	-20.866485
0.000	5.370000	-20.970221
0.000	5.400000	-21.073770
0.000	5.430000	-21.177133
0.000	5.460000	-21.280309
0.000	5.490000	-21.383298
0.000	5.520000	-21.486100
0.000	5.550000	-21.588715
0.000	5.580000	-21.691142
0.000	5.610000	-21.793383
0.000	5.640000	-21.895435
0.000	5.670000	-21.997301
0.000	5.700000	-22.098978
0.000	5.730000	-22.200468
0.000	5.760000	-22.301769
0.000	5.790000	-22.402883
0.000	5.820000	-22.503809
0.000	5.850000	-22.604547
0.000	5.880000	-22.705097
0.000	5.910000	-22.805458
0.000	5.940000	-22.905631
0.000	5.970000	-23.005616
0.000	6.000000	-23.105413
0.000	6.030000	-23.205022
0.000	6.060000	-23.304442
0.000	6.090000	-23.403674
0.000	6.120000	-23.502718
0.000	6.150000	-23.601573
0.000	6.180000	-23.700240
0.000	6.210000	-23.798719
0.000	6.240000	-23.897009
0.000	6.270000	-23.995111
0.000	6.300000	-24.093025
0.000	6.330000	-24.190751
0.000	6.360000	-24.288289
0.000	6.390000	-24.385638
0.000	6.420000	-24.482800
0.000	6.450000	-24.579773
0.000	6.480000	-24.676559
0.000	6.510000	-24.773157
0.000	6.540000	-24.869567
0.000	6.570000	-24.965789
0.000	6.600000	-25.061823
0.000	6.630000	-25.157671
0.000	6.660000	-25.253330
0.000	6.690000	-25.348802
0.000	6.720000	-25.444087
0.000	6.750000	-25.539185
0.000	6.780000	-25.634096
0.000	6.810000	-25.728820
0.000	6.840000	-25.823357
0.000	6.870000	-25.917707
0.000	6.900000	-26.011871
0.000	6.930000	-26.105849
0.000	6.960000	-26.199640
0.000	6.990000	-26.293245
0.000	7.020000	-26.386663
0.000	7.050000	-26.479896
0.000	7.080000	-26.572944
0.000	7.110000	-26.665805
0.000	7.140000	-26.758482
0.000	7.170000	-26.850972
0.000	7.200000	-26.943278
0.000	7.230000	-27.035399
0.000	7.260000	-27.127336
0.000	7.290000	-27.219087
0.000	7.320000	-27.310654
0.000	7.350000	-27.402037
0.000	7.380000	-27.493236
0.000	7.410000	-27.584251
0.000	7.440000	-27.675083
0.000	7.470000	-27.765731
0.000	7.500000	-27.856195
0.000	7.530000	-27.946477
0.000	7.560000	-28.036576
0.000	7.590000	-28.126492
0.000	7.620000	-28.216225
0.000	7.650000	-28.305776
0.000	7.680000	-28.395146
0.000	7.710000	-28.484333
0.000	7.740000	-28.573339
0.000	7.770000	-28.662164
0.000	7.800000	-28.750807
0.000	7.830000	-28.839269
0.000	7.860000	-28.927551
0.000	7.890000	-29.015652
0.000	7.920000	-29.103573
0.000	7.950000	-29.191314
0.000	7.980000	-29.278875
0.000	8.010000	-29.366257
0.000	8.040000	-29.453460
0.000	8.070000	-29.540483
0.000	8.100000	-29.627328
0.000	8.130000	-29.713994
0.000	8.160000	-29.800481
0.000	8.190000	-29.886791
0.000	8.220000	-29.972923
0.000	8.250000	-30.058878
0.000	8.280000	-30.144655
0.000	8.310000	-30.230255
0.000	8.340000	-30.315679
0.000	8.370000	-30.400925
0.000	8.400000	-30.485996
0.000	8.430000	-30.570891
0.000	8.460000	-30.655610
0.000	8.490000	-30.740154
0.000	8.520000	-30.824523
0.000	8.550000	-30.908716
0.000	8.580000	-30.992735
0.000	8.610000	-31.076580
0.000	8.640000	-31.160251
0.000	8.670000	-31.243748
0.000	8.700000	-31.327072
0.000	8.730000	-31.410222
0.000	8.760000	-31.493200
0.000	8.790000	-31.576005
0.000	8.820000	-31.658637
0.000	8.850000	-31.741098
0.000	8.880000	-31.823386
0.000	8.910000	-31.905504
0.000	8.940000	-31.987450
0.000	8.970000	-32.069225
0.000	9.000000	-32.150829
0.000	9.030000	-32.232264
0.000	9.060000	-32.313528
0.000	9.090000	-32.394622
0.000	9.120000	-32.475547
0.000	9.150000	-32.556303
0.000	9.180000	-32.636890
0.000	9.210000	-32.717309
0.000	9.240000	-32.797559
0.000	9.270000	-32.877642
0.000	9.300000	-32.957557
0.000	9.330000	-33.037304
0.000	9.360000	-33.116884
0.000	9.390000	-33.196298
0.000	9.420000	-33.275545
0.000	9.450000	-33.354627
0.000	9.480000	-33.433542
0.000	9.510000	-33.512292
0.000	9.540000	-33.590876
0.000	9.570000	-33.669296
0.000	9.600000	-33.747551
0.000	9.630000	-33.825642
0.000	9.660000	-33.903569
0.000	9.690000	-33.981332
0.000	9.720000	-34.058931
0.000	9.750000	-34.136368
0.000	9.780000	-34.213642
0.000	9.810000	-34.290754
0.000	9.840000	-34.367703
0.000	9.870000	-34.444491
0.000	9.900000	-34.521117
0.000	9.930000	-34.597581
0.000	9.960000	-34.673885
0.000	9.990000	-34.750029
0.000	10.020000	-34.826012
0.000	10.050000	-34.901835
0.000	10.080000	-34.977499
0.000	10.110000	-35.053003
0.000	10.140000	-35.128348
0.000	10.170000	-35.203534
0.000	10.200000	-35.278562
0.000	10.230000	-35.353432
0.000	10.260000	-35.428144
0.000	10.290000	-35.502699
0.000	10.320000	-35.577096
0.000	10.350000	-35.651337
0.000	10.380000	-35.725421
0.000	10.410000	-35.799349
0.000	10.440000	-35.873121
0.000	10.470000	-35.946738
0.000	10.500000	-36.020199
0.000	10.530000	-36.093505
0.000	10.560000	-36.166656
0.000	10.590000	-36.239654
0.000	10.620000	-36.312497
0.000	10.650000	-36.385186
0.000	10.680000	-36.457722
0.000	10.710000	-36.530105
0.000	10.740000	-36.602335
0.000	10.770000	-36.674413
0.000	10.800000	-36.746338
0.000	10.830000	-36.818111
0.000	10.860000	-36.889733
0.000	10.890000	-36.961204
0.000	10.920000	-37.032524
0.000	10.950000	-37.103693
0.000	10.980000	-37.174712
0.000	11.010000	-37.245581
0.000	11.040000	-37.316300
0.000	11.070000	-37.386870
0.000	11.100000	-37.457290
0.000	11.130000	-37.527562
0.000	11.160000	-37.597686
0.000	11.190000	-37.667661
0.000	11.220000	-37.737488
0.000	11.250000	-37.807168
0.000	11.280000	-37.876701
0.000	11.310000	-37.946086
0.000	11.340000	-38.015325
0.000	11.370000	-38.084418
0.000	11.400000	-38.153365
0.000	11.430000	-38.222165
0.000	11.460000	-38.290821
0.000	11.490000	-38.359331
0.000	11.520000	-38.427697
0.000	11.550000	-38.495918
0.000	11.580000	-38.563995
0.000	11.610000	-38.631927
0.000	11.640000	-38.699717
0.000	11.670000	-38.767363
0.000	11.700000	-38.834865
0.000	11.730000	-38.902226
0.000	11.760000	-38.969443
0.000	11.790000	-39.036519
0.000	11.820000	-39.103453
0.000	11.850000	-39.170245
0.000	11.880000	-39.236896
0.000	11.910000	-39.303406
0.000	11.940000	-39.369776
0.000	11.970000	-39.436005
0.000	12.000000	-39.502094
0.000	12.030000	-39.568043
0.000	12.060000	-39.633853
0.000	12.090000	-39.699524
0.000	12.120000	-39.765055
0.000	12.150000	-39.830449
0.000	12.180000	-39.895703
0.000	12.210000	-39.960820
0.000	12.240000	-40.025799
0.000	12.270000	-40.090641
0.000	12.300000	-40.155345
0.000	12.330000	-40.219913
0.000	12.360000	-40.284344
0.000	12.390000	-40.348639
0.000	12.420000	-40.412798
0.000	12.450000	-40.476821
0.000	12.480000	-40.540708
0.000	12.510000	-40.604461
0.000	12.540000	-40.668078
0.000	12.570000	-40.731562
0.000	12.600000	-40.794910
0.000	12.630000	-40.858125
0.000	12.660000	-40.921206
0.000	12.690000	-40.984153
0.000	12.720000	-41.046967
0.000	12.750000	-41.109649
0.000	12.780000	-41.172198
0.000	12.810000	-41.234614
0.000	12.840000	-41.296898
0.000	12.870000	-41.359051
0.000	12.900000	-41.421072
0.000	12.930000	-41.482961
0.000	12.960000	-41.544720
0.000	12.990000	-41.606348
0.000	13.020000	-41.667846
0.000	13.050000	-41.729213
0.000	13.080000	-41.790450
0.000	13.110000	-41.851558
0.000	13.140000	-41.912537
0.000	13.170000	-41.973386
0.000	13.200000	-42.034107
0.000	13.230000	-42.094699
0.000	13.260000	-42.155163
0.000	13.290000	-42.215498
0.000	13.320000	-42.275706
0.000	13.350000	-42.335787
0.000	13.380000	-42.395740
0.000	13.410000	-42.455566
0.000	13.440000	-42.515266
0.000	13.470000	-42.574839
0.000	13.500000	-42.634286
0.000	13.530000	-42.693607
0.000	13.560000	-42.752802
0.000	13.590000	-42.811872
0.000	13.620000	-42.870817
0.000	13.650000	-42.929636
0.000	13.680000	-42.988332
0.000	13.710000	-43.046902
0.000	13.740000	-43.105349
0.000	13.770000	-43.163672
0.000	13.800000	-43.221871
0.000	13.830000	-43.279947
0.000	13.860000	-43.337899
0.000	13.890000	-43.395729
0.000	13.920000	-43.453436
0.000	13.950000	-43.511021
0.000	13.980000	-43.568484
0.000	14.010000	-43.625824
0.000	14.040000	-43.683044
0.000	14.070000	-43.740141
0.000	14.100000	-43.797118
0.000	14.130000	-43.853974
0.000	14.160000	-43.910709
0.000	14.190000	-43.967323
0.000	14.220000	-44.023818
0.000	14.250000	-44.080192
0.000	14.280000	-44.136447
0.000	14.310000	-44.192582
0.000	14.340000	-44.248598
0.000	14.370000	-44.304496
0.000	14.400000	-44.360274
0.000	14.430000	-44.415934
0.000	14.460000	-44.471476
0.000	14.490000	-44.526899
0.000	14.520000	-44.582205
0.000	14.550000	-44.637393
0.000	14.580000	-44.692464
0.000	14.610000	-44.747418
0.000	14.640000	-44.802255
0.000	14.670000	-44.856975
0.000	14.700000	-44.911579
0.000	14.730000	-44.966067
0.000	14.760000	-45.020439
0.000	14.790000	-45.074695
0.000	14.820000	-45.128836
0.000	14.850000	-45.182861
0.000	14.880000	-45.236771
0.000	14.910000	-45.290567
0.000	14.940000	-45.344247
0.000	14.970000	-45.397814
0.000	15.000000	-45.451266
0.000	15.030000	-45.504605
0.000	15.060000	-45.557829
0.000	15.090000	-45.610940
0.000	15.120000	-45.663938
0.000	15.150000	-45.716823
0.000	15.180000	-45.769595
0.000	15.210000	-45.822254
0.000	15.240000	-45.874801
0.000	15.270000	-45.927236
0.000	15.300000	-45.979559
0.000	15.330000	-46.031770
0.000	15.360000	-46.083869
0.000	15.390000	-46.135857
0.000	15.420000	-46.187734
0.000	15.450000	-46.239500
0.000	15.480000	-46.291156
0.000	15.510000	-46.342701
0.000	15.540000	-46.394135
0.000	15.570000	-46.445460
0.000	15.600000	-46.496674
0.000	15.630000	-46.547779
0.000	15.660000	-46.598774
0.000	15.690000	-46.649661
0.000	15.720000	-46.700438
0.000	15.750000	-46.751106
0.000	15.780000	-46.801666
0.000	15.810000	-46.852117
0.000	15.840000	-46.902459
0.000	15.870000	-46.952694
0.000	15.900000	-47.002821
0.000	15.930000	-47.052840
0.000	15.960000	-47.102752
0.000	15.990000	-47.152557
0.000	16.020000	-47.202254
0.000	16.050000	-47.251845
0.000	16.080000	-47.301329
0.000	16.110000	-47.350706
0.000	16.140000	-47.399977
0.000	16.170000	-47.449142
0.000	16.200000	-47.498201
0.000	16.230000	-47.547155
0.000	16.260000	-47.596002
0.000	16.290000	-47.644745
0.000	16.320000	-47.693382
0.000	16.350000	-47.741914
0.000	16.380000	-47.790342
0.000	16.410000	-47.838665
0.000	16.440000	-47.886883
0.000	16.470000	-47.934998
0.000	16.500000	-47.983008
0.000	16.530000	-48.030914
0.000	16.560000	-48.078717
0.000	16.590000	-48.126416
0.000	16.620000	-48.174012
0.000	16.650000	-48.221505
0.000	16.680000	-48.268895
0.000	16.710000	-48.316182
0.000	16.740000	-48.363366
0.000	16.770000	-48.410448
0.000	16.800000	-48.457428
0.000	16.830000	-48.504305
0.000	16.860000	-48.551081
0.000	16.890000	-48.597755
0.000	16.920000	-48.644328
0.000	16.950000	-48.690799
0.000	16.980000	-48.737169
0.000	17.010000	-48.783437
0.000	17.040000	-48.829605
0.000	17.070000	-48.875673
0.000	17.100000	-48.921639
0.000	17.130000	-48.967506
0.000	17.160000	-49.013272
0.000	17.190000	-49.058938
0.000	17.220000	-49.104504
0.000	17.250000	-49.149971
0.000	17.280000	-49.195338
0.000	17.310000	-49.240606
0.000	17.340000	-49.285774
0.000	17.370000	-49.330844
0.000	17.400000	-49.375814
0.000	17.430000	-49.420686
0.000	17.460000	-49.465460
0.000	17.490000	-49.510134
0.000	17.520000	-49.554711
0.000	17.550000	-49.599190
0.000	17.580000	-49.643570
0.000	17.610000	-49.687853
0.000	17.640000	-49.732038
0.000	17.670000	-49.776126
0.000	17.700000	-49.820117
0.000	17.730000	-49.864010
0.000	17.760000	-49.907806
0.000	17.790000	-49.951506
0.000	17.820000	-49.995109
0.000	17.850000	-50.038615
0.000	17.880000	-50.082025
0.000	17.910000	-50.125338
0.000	17.940000	-50.168556
0.000	17.970000	-50.211677
0.000	18.000000	-50.254703
0.000	18.030000	-50.297633
0.000	18.060000	-50.340468
0.000	18.090000	-50.383207
0.000	18.120000	-50.425851
0.000	18.150000	-50.468400
0.000	18.180000	-50.510854
0.000	18.210000	-50.553213
0.000	18.240000	-50.595478
0.000	18.270000	-50.637648
0.000	18.300000	-50.679724
0.000	18.330000	-50.721705
0.000	18.360000	-50.763592
0.000	18.390000	-50.805386
0.000	18.420000	-50.847086
0.000	18.450000	-50.888691
0.000	18.480000	-50.930204
0.000	18.510000	-50.971623
0.000	18.540000	-51.012949
0.000	18.570000	-51.054181
0.000	18.600000	-51.095321
0.000	18.630000	-51.136367
0.000	18.660000	-51.177321
0.000	18.690000	-51.218183
0.000	18.720000	-51.258952
0.000	18.750000	-51.299628
0.000	18.780000	-51.340213
0.000	18.810000	-51.380705
0.000	18.840000	-51.421105
0.000	18.870000	-51.461413
0.000	18.900000	-51.501630
0.000	18.930000	-51.541755
0.000	18.960000	-51.581789
0.000	18.990000	-51.621731
0.000	19.020000	-51.661582
0.000	19.050000	-51.701342
0.000	19.080000	-51.741011
0.000	19.110000	-51.780590
0.000	19.140000	-51.820077
0.000	19.170000	-51.859474
0.000	19.200000	-51.898780
0.000	19.230000	-51.937996
0.000	19.260000	-51.977122
0.000	19.290000	-52.016158
0.000	19.320000	-52.055103
0.000	19.350000	-52.093959
0.000	19.380000	-52.132725
0.000	19.410000	-52.171401
0.000	19.440000	-52.209988
0.000	19.470000	-52.248485
0.000	19.500000	-52.286893
0.000	19.530000	-52.325212
0.000	19.560000	-52.363441
0.000	19.590000	-52.401582
0.000	19.620000	-52.439634
0.000	19.650000	-52.477596
0.000	19.680000	-52.515471
0.000	19.710000	-52.553256
0.000	19.740000	-52.590953
0.000	19.770000	-52.628562
0.000	19.800000	-52.666083
0.000	19.830000	-52.703515
0.000	19.860000	-52.740860
0.000	19.890000	-52.778116
0.000	19.920000	-52.815285
0.000	19.950000	-52.852366
0.000	19.980000	-52.889359
0.000	20.010000	-52.926265
0.000	20.040000	-52.963083
0.000	20.070000	-52.999814
0.000	20.100000	-53.036458
0.000	20.130000	-53.073014
0.000	20.160000	-53.109484
0.000	20.190000	-53.145866
0.000	20.220000	-53.182162
0.000	20.250000	-53.218371
0.000	20.280000	-53.254493
0.000	20.310000	-53.290529
0.000	20.340000	-53.326479
0.000	20.370000	-53.362341
0.000	20.400000	-53.398118
0.000	20.430000	-53.433809
0.000	20.460000	-53.469413
0.000	20.490000	-53.504931
0.000	20.520000	-53.540363
0.000	20.550000	-53.575710
0.000	20.580000	-53.610971
0.000	20.610000	-53.646146
0.000	20.640000	-53.681235
0.000	20.670000	-53.716239
0.000	20.700000	-53.751158
0.000	20.730000	-53.785991
0.000	20.760000	-53.820739
0.000	20.790000	-53.855402
0.000	20.820000	-53.889980
0.000	20.850000	-53.924472
0.000	20.880000	-53.958880
0.000	20.910000	-53.993203
0.000	20.940000	-54.027441
0.000	20.970000	-54.061595
0.000	21.000000	-54.095664
0.000	21.030000	-54.129648
0.000	21.060000	-54.163548
0.000	21.090000	-54.197363
0.000	21.120000	-54.231094
0.000	21.150000	-54.264741
0.000	21.180000	-54.298304
0.000	21.210000	-54.331783
0.000	21.240000	-54.365177
0.000	21.270000	-54.398488
0.000	21.300000	-54.431715
0.000	21.330000	-54.464858
0.000	21.360000	-54.497917
0.000	21.390000	-54.530892
0.000	21.420000	-54.563784
0.000	21.450000	-54.596593
0.000	21.480000	-54.629317
0.000	21.510000	-54.661959
0.000	21.540000	-54.694517
0.000	21.570000	-54.726992
0.000	21.600000	-54.759383
0.000	21.630000	-54.791692
0.000	21.660000	-54.823917
0.000	21.690000	-54.856059
0.000	21.720000	-54.888118
0.000	21.750000	-54.920094
0.000	21.780000	-54.951988
0.000	21.810000	-54.983798
0.000	21.840000	-55.015526
0.000	21.870000	-55.047171
0.000	21.900000	-55.078734
0.000	21.930000	-55.110213
0.000	21.960000	-55.141611
0.000	21.990000	-55.172925
0.000	22.020000	-55.204158
0.000	22.050000	-55.235307
0.000	22.080000	-55.266375
0.000	22.110000	-55.297360
0.000	22.140000	-55.328263
0.000	22.170000	-55.359084
0.000	22.200000	-55.389822
0.000	22.230000	-55.420479
0.000	22.260000	-55.451053
0.000	22.290000	-55.481546
0.000	22.320000	-55.511956
0.000	22.350000	-55.542284
0.000	22.380000	-55.572531
0.000	22.410000	-55.602696
0.000	22.440000	-55.632778
0.000	22.470000	-55.662779
0.000	22.500000	-55.692699
0.000	22.530000	-55.722536
0.000	22.560000	-55.752292
0.000	22.590000	-55.781966
0.000	22.620000	-55.811559
0.000	22.650000	-55.841070
0.000	22.680000	-55.870499
0.000	22.710000	-55.899847
0.000	22.740000	-55.929114
0.000	22.770000	-55.958299
0.000	22.800000	-55.987402
0.000	22.830000	-56.016425
0.000	22.860000	-56.045365
0.000	22.890000	-56.074225
0.000	22.920000	-56.103003
0.000	22.950000	-56.131700
0.000	22.980000	-56.160315
0.000	23.010000	-56.188850
0.000	23.040000	-56.217303
0.000	23.070000	-56.245675
0.000	23.100000	-56.273965
0.000	23.130000	-56.302175
0.000	23.160000	-56.330303
0.000	23.190000	-56.358350
0.000	23.220000	-56.386316
0.000	23.250000	-56.414201
0.000	23.280000	-56.442005
0.000	23.310000	-56.469728
0.000	23.340000	-56.497369
0.000	23.370000	-56.524930
0.000	23.400000	-56.552409
0.000	23.430000	-56.579808
0.000	23.460000	-56.607125
0.000	23.490000	-56.634362
0.000	23.520000	-56.661517
0.000	23.550000	-56.688591
0.000	23.580000	-56.715584
0.000	23.610000	-56.742496
0.000	23.640000	-56.769328
0.000	23.670000	-56.796078
0.000	23.700000	-56.822747
0.000	23.730000	-56.849335
0.000	23.760000	-56.875842
0.000	23.790000	-56.902268
0.000	23.820000	-56.928613
0.000	23.850000	-56.954877
0.000	23.880000	-56.981059
0.000	23.910000	-57.007161
0.000	23.940000	-57.033182
0.000	23.970000	-57.059121
0.000	24.000000	-57.084979
0.000	24.030000	-57.110756
0.000	24.060000	-57.136453
0.000	24.090000	-57.162067
0.000	24.120000	-57.187601
0.000	24.150000	-57.213054
0.000	24.180000	-57.238425
0.000	24.210000	-57.263715
0.000	24.240000	-57.288923
0.000	24.270000	-57.314051
0.000	24.300000	-57.339097
0.000	24.330000	-57.364061
0.000	24.360000	-57.388945
0.000	24.390000	-57.413747
0.000	24.420000	-57.438467
0.000	24.450000	-57.463106
0.000	24.480000	-57.487663
0.000	24.510000	-57.512139
0.000	24.540000	-57.536533
0.000	24.570000	-57.560846
0.000	24.600000	-57.585077
0.000	24.630000	-57.609226
0.000	24.660000	-57.633293
0.000	24.690000	-57.657279
0.000	24.720000	-57.681182
0.000	24.750000	-57.705004
0.000	24.780000	-57.728744
0.000	24.810000	-57.752401
0.000	24.840000	-57.775977
0.000	24.870000	-57.799471
0.000	24.900000	-57.822882
0.000	24.930000	-57.846211
0.000	24.960000	-57.869458
0.000	24.990000	-57.892622
0.000	25.020000	-57.915704
0.000	25.050000	-57.938704
0.000	25.080000	-57.961620
0.000	25.110000	-57.984455
0.000	25.140000	-58.007206
0.000	25.170000	-58.029875
0.000	25.200000	-58.052461
0.000	25.230000	-58.074964
0.000	25.260000	-58.097383
0.000	25.290000	-58.119720
0.000	25.320000	-58.141974
0.000	25.350000	-58.164144
0.000	25.380000	-58.186231
0.000	25.410000	-58.208234
0.000	25.440000	-58.230154
0.000	25.470000	-58.251990
0.000	25.500000	-58.273743
0.000	25.530000	-58.295411
0.000	25.560000	-58.316996
0.000	25.590000	-58.338497
0.000	25.620000	-58.359913
0.000	25.650000	-58.381245
0.000	25.680000	-58.402493
0.000	25.710000	-58.423656
0.000	25.740000	-58.444735
0.000	25.770000	-58.465729
0.000	25.800000	-58.486638
0.000	25.830000	-58.507462
0.000	25.860000	-58.528201
0.000	25.890000	-58.548855
0.000	25.920000	-58.569424
0.000	25.950000	-58.589906
0.000	25.980000	-58.610304
0.000	26.010000	-58.630615
0.000	26.040000	-58.650841
0.000	26.070000	-58.670980
0.000	26.100000	-58.691033
0.000	26.130000	-58.711000
0.000	26.160000	-58.730880
0.000	26.190000	-58.750674
0.000	26.220000	-58.770381
0.000	26.250000	-58.790000
0.000	26.280000	-58.809533
0.000	26.310000	-58.828978
0.000	26.340000	-58.848335
0.000	26.370000	-58.867605
0.000	26.400000	-58.886787
0.000	26.430000	-58.905881
0.000	26.460000	-58.924886
0.000	26.490000	-58.943803
0.000	26.520000	-58.962631
0.000	26.550000	-58.981371
0.000	26.580000	-59.000021
0.000	26.610000	-59.018582
0.000	26.640000	-59.037053
0.000	26.670000	-59.055434
0.000	26.700000	-59.073726
0.000	26.730000	-59.091927
0.000	26.760000	-59.110038
0.000	26.790000	-59.128057
0.000	26.820000	-59.145986
0.000	26.850000	-59.163824
0.000	26.880000	-59.181570
0.000	26.910000	-59.199225
0.000	26.940000	-59.216787
0.000	26.970000	-59.234258
0.000	27.000000	-59.251635
0.000	27.030000	-59.268920
0.000	27.060000	-59.286111
0.000	27.090000	-59.303209
0.000	27.120000	-59.320214
0.000	27.150000	-59.337124
0.000	27.180000	-59.353940
0.000	27.210000	-59.370661
0.000	27.240000	-59.387287
0.000	27.270000	-59.403817
0.000	27.300000	-59.420252
0.000	27.330000	-59.436590
0.000	27.360000	-59.452833
0.000	27.390000	-59.468978
0.000	27.420000	-59.485026
0.000	27.450000	-59.500976
0.000	27.480000	-59.516829
0.000	27.510000	-59.532583
0.000	27.540000	-59.548238
0.000	27.570000	-59.563793
0.000	27.600000	-59.579249
0.000	27.630000	-59.594605
0.000	27.660000	-59.609860
0.000	27.690000	-59.625014
0.000	27.720000	-59.640067
0.000	27.750000	-59.655017
0.000	27.780000	-59.669865
0.000	27.810000	-59.684609
0.000	27.840000	-59.699250
0.000	27.870000	-59.713787
0.000	27.900000	-59.728218
0.000	27.930000	-59.742545
0.000	27.960000	-59.756765
0.000	27.990000	-59.770879
0.000	28.020000	-59.784886
0.000	28.050000	-59.798785
0.000	28.080000	-59.812575
0.000	28.110000	-59.826257
0.000	28.140000	-59.839828
0.000	28.170000	-59.853289
0.000	28.200000	-59.866638
0.000	28.230000	-59.879875
0.000	28.260000	-59.893000
0.000	28.290000	-59.906011
0.000	28.320000	-59.918907
0.000	28.350000	-59.931688
0.000	28.380000	-59.944352
0.000	28.410000	-59.956900
0.000	28.440000	-59.969329
0.000	28.470000	-59.981639
0.000	28.500000	-59.993829
0.000	28.530000	-60.005898
0.000	28.560000	-60.017845
0.000	28.590000	-60.029668
0.000	28.620000	-60.041367
0.000	28.650000	-60.052940
0.000	28.680000	-60.064386
0.000	28.710000	-60.075704
0.000	28.740000	-60.086892
0.000	28.770000	-60.097950
0.000	28.800000	-60.108875
0.000	28.830000	-60.119666
0.000	28.860000	-60.130321
0.000	28.890000	-60.140840
0.000	28.920000	-60.151219
0.000	28.950000	-60.161458
0.000	28.980000	-60.171554
0.000	29.010000	-60.181506
0.000	29.040000	-60.191311
0.000	29.070000	-60.200968
0.000	29.100000	-60.210473
0.000	29.130000	-60.219825
0.000	29.160000	-60.229021
0.000	29.190000	-60.238059
0.000	29.220000	-60.246935
0.000	29.250000	-60.255646
0.000	29.280000	-60.264190
0.000	29.310000	-60.272562
0.000	29.340000	-60.280760
0.000	29.370000	-60.288779
0.000	29.400000	-60.296615
0.000	29.430000	-60.304264
0.000	29.460000	-60.311720
0.000	29.490000	-60.318979
0.000	29.520000	-60.326034
0.000	29.550000	-60.332879
0.000	29.580000	-60.339507
0.000	29.610000	-60.345910
0.000	29.640000	-60.352080
0.000	29.670000	-60.358006
0.000	29.700000	-60.363678
0.000	29.730000	-60.369082
0.000	29.760000	-60.374204
0.000	29.790000	-60.379024
0.000	29.820000	-60.383523
0.000	29.850000	-60.387671
0.000	29.880000	-60.391435
0.000	29.910000	-60.394765
0.000	29.940000	-60.397591
0.000	29.970000	-60.399785
0.000	30.000000	-60.400996
