mass_A
t	x	y
0,000000000E0	-5,640315140E1	3,186411800E1
1,000000000E-2	-5,640429622E1	3,185754827E1
2,000000000E-2	-5,640708177E1	3,185580448E1
3,000000000E-2	-5,639926161E1	3,185816100E1
4,000000000E-2	-5,639415524E1	3,185267559E1
5,000000000E-2	-5,637813605E1	3,183712812E1
6,000000000E-2	-5,630552782E1	3,177129890E1
7,000000000E-2	-5,620087478E1	3,168101604E1
8,000000000E-2	-5,607523165E1	3,157162503E1
9,000000000E-2	-5,587221279E1	3,135869413E1
1,000000000E-1	-5,556751685E1	3,104795413E1
1,100000000E-1	-5,528076392E1	3,061275731E1
1,200000000E-1	-5,503012816E1	3,032388585E1
1,300000000E-1	-5,471227973E1	3,003940339E1
1,400000000E-1	-5,428609914E1	2,973712333E1
1,500000000E-1	-5,387076830E1	2,942479976E1
1,600000000E-1	-5,343146925E1	2,909608071E1
1,700000000E-1	-5,293184051E1	2,872990991E1
1,800000000E-1	-5,244690250E1	2,834248972E1
1,900000000E-1	-5,189609152E1	2,796011522E1
2,000000000E-1	-5,135610259E1	2,753417025E1
2,100000000E-1	-5,075253721E1	2,705625216E1
2,200000000E-1	-5,014708817E1	2,660128475E1
2,300000000E-1	-4,950776811E1	2,605205475E1
2,400000000E-1	-4,880841889E1	2,553593321E1
2,500000000E-1	-4,809201144E1	2,495283261E1
2,600000000E-1	-4,736270421E1	2,438158881E1
2,700000000E-1	-4,659890084E1	2,375657878E1
2,800000000E-1	-4,577857020E1	2,311724263E1
2,900000000E-1	-4,493325831E1	2,244112878E1
3,000000000E-1	-4,408131744E1	2,175458675E1
3,100000000E-1	-4,316346927E1	2,103736988E1
3,200000000E-1	-4,222075779E1	2,030969178E1
3,300000000E-1	-4,125393564E1	1,956627312E1
3,400000000E-1	-4,029846193E1	1,884105404E1
3,500000000E-1	-3,928567166E1	1,808135258E1
3,600000000E-1	-3,827725383E1	1,738735355E1
3,700000000E-1	-3,699365225E1	1,674570079E1
3,800000000E-1	-3,595544805E1	1,573799086E1
3,900000000E-1	-3,482770131E1	1,493432302E1
4,000000000E-1	-3,361833790E1	1,418184043E1
4,100000000E-1	-3,236040772E1	1,345517834E1
4,200000000E-1	-3,107887678E1	1,271730905E1
4,300000000E-1	-2,975276494E1	1,199821577E1
4,400000000E-1	-2,840959336E1	1,129076511E1
4,500000000E-1	-2,703373699E1	1,061544071E1
4,600000000E-1	-2,567598292E1	9,984779609E0
4,700000000E-1	-2,426662471E1	9,362782711E0
4,800000000E-1	-2,286410590E1	8,743406890E0
4,900000000E-1	-2,147480072E1	8,189005485E0
5,000000000E-1	-2,007846199E1	7,655823657E0
5,100000000E-1	-1,861449988E1	7,354903461E0
5,200000000E-1	-1,713748107E1	6,573368173E0
5,300000000E-1	-1,569203868E1	5,984125542E0
5,400000000E-1	-1,418776826E1	5,478023461E0
5,500000000E-1	-1,271746205E1	4,994343250E0
5,600000000E-1	-1,120598643E1	4,537194212E0
5,700000000E-1	-9,690709632E0	4,097179602E0
5,800000000E-1	-8,197553644E0	3,702119999E0
5,900000000E-1	-6,726204910E0	3,349082834E0
6,000000000E-1	-5,229730011E0	3,022311742E0
6,100000000E-1	-3,708488967E0	2,707462114E0
6,200000000E-1	-2,156785659E0	2,399239702E0
6,300000000E-1	-6,550459229E-1	2,219300017E0
6,400000000E-1	1,057433522E0	2,134922756E0
6,500000000E-1	2,480978452E0	1,656559023E0
6,600000000E-1	4,023323064E0	1,353786057E0
6,700000000E-1	5,543028447E0	1,063093996E0
6,800000000E-1	7,110687795E0	7,955315910E-1
6,900000000E-1	8,695117597E0	4,299055850E-1
7,000000000E-1	1,028906204E1	-1,646539390E-2
7,100000000E-1	1,186482280E1	-4,271198656E-1
7,200000000E-1	1,344935818E1	-8,486067313E-1
7,300000000E-1	1,502524895E1	-1,306538481E0
7,400000000E-1	1,659441371E1	-1,796658910E0
7,500000000E-1	1,820162834E1	-2,321156277E0
7,600000000E-1	1,980899109E1	-2,625531788E0
7,700000000E-1	2,148943625E1	-3,439039715E0
7,800000000E-1	2,298654956E1	-4,196596780E0
7,900000000E-1	2,460366218E1	-4,863040121E0
8,000000000E-1	2,622882610E1	-5,575806733E0
8,100000000E-1	2,785886142E1	-6,260256452E0
8,200000000E-1	2,951111132E1	-6,932499721E0
8,300000000E-1	3,117639342E1	-7,694946249E0
8,400000000E-1	3,282445834E1	-8,541450187E0
8,500000000E-1	3,449147398E1	-9,509432074E0
8,600000000E-1	3,617531382E1	-1,057491635E1
8,700000000E-1	3,776719918E1	-1,172718529E1
8,800000000E-1	3,939775127E1	-1,268155894E1
8,900000000E-1	4,121805698E1	-1,377146496E1
9,000000000E-1	4,277606577E1	-1,500946774E1
9,100000000E-1	4,446566023E1	-1,624970187E1
9,200000000E-1	4,614730583E1	-1,756491891E1
9,300000000E-1	4,785431686E1	-1,894191004E1
9,400000000E-1	4,958502050E1	-2,028271646E1
9,500000000E-1	5,131686641E1	-2,169347179E1
9,600000000E-1	5,309990605E1	-2,316243283E1
9,700000000E-1	5,495779329E1	-2,465945090E1
9,800000000E-1	5,674003180E1	-2,620700603E1
9,900000000E-1	5,850747251E1	-2,775011714E1
