mass_A
t	x	y
0,000000000E0	-5,676940563E1	3,186411800E1
1,000000000E-2	-5,677299909E1	3,186453523E1
2,000000000E-2	-5,676652460E1	3,186293681E1
3,000000000E-2	-5,676308182E1	3,185036832E1
4,000000000E-2	-5,664455100E1	3,178125627E1
5,000000000E-2	-5,654014970E1	3,169515829E1
6,000000000E-2	-5,651222956E1	3,164722365E1
7,000000000E-2	-5,637842459E1	3,151433604E1
8,000000000E-2	-5,613165032E1	3,136374022E1
9,000000000E-2	-5,595110942E1	3,118923961E1
1,000000000E-1	-5,558075951E1	3,095587838E1
1,100000000E-1	-5,527924402E1	3,069842993E1
1,200000000E-1	-5,488744949E1	3,043198698E1
1,300000000E-1	-5,450625905E1	3,010669491E1
1,400000000E-1	-5,404998794E1	2,979818611E1
1,500000000E-1	-5,361226746E1	2,945407256E1
1,600000000E-1	-5,315704020E1	2,912088787E1
1,700000000E-1	-5,264912189E1	2,871545144E1
1,800000000E-1	-5,212365792E1	2,830605686E1
1,900000000E-1	-5,155247229E1	2,786097506E1
2,000000000E-1	-5,099250731E1	2,742499415E1
2,100000000E-1	-5,034441598E1	2,692304569E1
2,200000000E-1	-4,969540916E1	2,640977312E1
2,300000000E-1	-4,903074584E1	2,585646848E1
2,400000000E-1	-4,830690475E1	2,532179452E1
2,500000000E-1	-4,756950529E1	2,470493893E1
2,600000000E-1	-4,679018200E1	2,407752017E1
2,700000000E-1	-4,599695553E1	2,343676701E1
2,800000000E-1	-4,513193740E1	2,274565565E1
2,900000000E-1	-4,429114734E1	2,206776423E1
3,000000000E-1	-4,337688777E1	2,135722363E1
3,100000000E-1	-4,244510396E1	2,063743206E1
3,200000000E-1	-4,149591301E1	1,988661392E1
3,300000000E-1	-4,051404258E1	1,914610880E1
3,400000000E-1	-3,951085606E1	1,837176524E1
3,500000000E-1	-3,846816444E1	1,764003336E1
3,600000000E-1	-3,727245091E1	1,696336499E1
3,700000000E-1	-3,613325246E1	1,602454012E1
3,800000000E-1	-3,497829968E1	1,517373443E1
3,900000000E-1	-3,374525029E1	1,438731643E1
4,000000000E-1	-3,247934682E1	1,365449541E1
4,100000000E-1	-3,119881307E1	1,289417088E1
4,200000000E-1	-2,989247966E1	1,217267699E1
4,300000000E-1	-2,858203265E1	1,146624908E1
4,400000000E-1	-2,721528017E1	1,081175924E1
4,500000000E-1	-2,584936108E1	1,015633899E1
4,600000000E-1	-2,442926302E1	9,515083757E0
4,700000000E-1	-2,300397787E1	8,913226182E0
4,800000000E-1	-2,151778940E1	8,368493993E0
4,900000000E-1	-2,006724265E1	7,777487579E0
5,000000000E-1	-1,854418940E1	7,361029721E0
5,100000000E-1	-1,705957954E1	6,637984235E0
5,200000000E-1	-1,556725417E1	6,076501939E0
5,300000000E-1	-1,405636077E1	5,552109233E0
5,400000000E-1	-1,255406117E1	5,073472167E0
5,500000000E-1	-1,103880938E1	4,618092624E0
5,600000000E-1	-9,518589699E0	4,189845211E0
5,700000000E-1	-7,965112867E0	3,781323505E0
5,800000000E-1	-6,384340936E0	3,385482784E0
5,900000000E-1	-4,827327383E0	3,030546434E0
6,000000000E-1	-3,264025969E0	2,720737338E0
6,100000000E-1	-1,702310486E0	2,421853527E0
6,200000000E-1	-1,405386819E-1	2,284753962E0
6,300000000E-1	1,458356539E0	2,018037377E0
6,400000000E-1	2,990865995E0	1,680579376E0
6,500000000E-1	4,578932226E0	1,372098918E0
6,600000000E-1	6,168443320E0	1,022237220E0
6,700000000E-1	7,785685541E0	6,972647009E-1
6,800000000E-1	9,394080028E0	3,147708419E-1
6,900000000E-1	1,096243307E1	-4,687774716E-2
7,000000000E-1	1,256119324E1	-4,413027614E-1
7,100000000E-1	1,416598877E1	-8,907451970E-1
7,200000000E-1	1,578525034E1	-1,364649101E0
7,300000000E-1	1,745085891E1	-1,936232697E0
7,400000000E-1	1,907530515E1	-2,460223193E0
7,500000000E-1	2,072076896E1	-2,881417400E0
7,600000000E-1	2,231268900E1	-3,626052474E0
7,700000000E-1	2,394079996E1	-4,285854592E0
7,800000000E-1	2,558281504E1	-4,993140695E0
7,900000000E-1	2,724989020E1	-5,731295311E0
8,000000000E-1	2,893847953E1	-6,433150286E0
8,100000000E-1	3,063320263E1	-7,218416988E0
8,200000000E-1	3,230796897E1	-8,122718976E0
8,300000000E-1	3,396930917E1	-9,103991628E0
8,400000000E-1	3,565108926E1	-1,010816936E1
8,500000000E-1	3,740609449E1	-1,108388527E1
8,600000000E-1	3,901587187E1	-1,214583716E1
8,700000000E-1	4,073452055E1	-1,326109826E1
8,800000000E-1	4,240009968E1	-1,449767183E1
8,900000000E-1	4,413311718E1	-1,573270364E1
9,000000000E-1	4,589413524E1	-1,693795987E1
9,100000000E-1	4,764727481E1	-1,825655133E1
9,200000000E-1	4,940634784E1	-1,965192209E1
9,300000000E-1	5,115381756E1	-2,114272880E1
9,400000000E-1	5,291472239E1	-2,264599221E1
9,500000000E-1	5,476494475E1	-2,414235640E1
9,600000000E-1	5,670829563E1	-2,557047590E1
9,700000000E-1	5,824866223E1	-2,705641219E1
