mass_A
t	x	y
0,000000000E0	-5,664732088E1	3,198620274E1
1,000000000E-2	-5,664593081E1	3,198418611E1
2,000000000E-2	-5,664553004E1	3,197795357E1
3,000000000E-2	-5,664332937E1	3,195286414E1
4,000000000E-2	-5,655105334E1	3,187955623E1
5,000000000E-2	-5,644467313E1	3,178043837E1
6,000000000E-2	-5,632825852E1	3,167061880E1
7,000000000E-2	-5,611870291E1	3,148871799E1
8,000000000E-2	-5,589594203E1	3,126176248E1
9,000000000E-2	-5,564894442E1	3,099791887E1
1,000000000E-1	-5,535828233E1	3,072294438E1
1,100000000E-1	-5,504061481E1	3,041715892E1
1,200000000E-1	-5,465777001E1	3,012066449E1
1,300000000E-1	-5,422707045E1	2,980015107E1
1,400000000E-1	-5,379203619E1	2,946120402E1
1,500000000E-1	-5,331096670E1	2,909577294E1
1,600000000E-1	-5,280057278E1	2,870918314E1
1,700000000E-1	-5,225406283E1	2,830205872E1
1,800000000E-1	-5,168766121E1	2,788784485E1
1,900000000E-1	-5,111481660E1	2,742501164E1
2,000000000E-1	-5,047503637E1	2,692151735E1
2,100000000E-1	-4,981164886E1	2,640857466E1
2,200000000E-1	-4,914297965E1	2,587954818E1
2,300000000E-1	-4,840259671E1	2,529807599E1
2,400000000E-1	-4,768816631E1	2,470198755E1
2,500000000E-1	-4,689884119E1	2,408486623E1
2,600000000E-1	-4,609383619E1	2,345865899E1
2,700000000E-1	-4,520155415E1	2,274830891E1
2,800000000E-1	-4,436878936E1	2,206532136E1
2,900000000E-1	-4,347117043E1	2,136362679E1
3,000000000E-1	-4,254122216E1	2,063093051E1
3,100000000E-1	-4,156540342E1	1,990415072E1
3,200000000E-1	-4,058121270E1	1,913435025E1
3,300000000E-1	-3,958927255E1	1,837498894E1
3,400000000E-1	-3,850392699E1	1,761182526E1
3,500000000E-1	-3,700051964E1	1,686392946E1
3,600000000E-1	-3,611377267E1	1,595515421E1
3,700000000E-1	-3,494073306E1	1,514250566E1
3,800000000E-1	-3,371386856E1	1,436829818E1
3,900000000E-1	-3,246939410E1	1,360337456E1
4,000000000E-1	-3,119061906E1	1,286788769E1
4,100000000E-1	-2,987829734E1	1,215139349E1
4,200000000E-1	-2,853079967E1	1,146401979E1
4,300000000E-1	-2,717210914E1	1,079282253E1
4,400000000E-1	-2,575456210E1	1,013228918E1
4,500000000E-1	-2,433243226E1	9,504904414E0
4,600000000E-1	-2,288608574E1	8,893808803E0
4,700000000E-1	-2,141675283E1	8,285715944E0
4,800000000E-1	-1,991668031E1	7,717096252E0
4,900000000E-1	-1,821788523E1	7,359891983E0
5,000000000E-1	-1,688309691E1	6,550460770E0
5,100000000E-1	-1,538385494E1	6,010804577E0
5,200000000E-1	-1,387499724E1	5,487033777E0
5,300000000E-1	-1,234922131E1	5,029693819E0
5,400000000E-1	-1,085197755E1	4,619331050E0
5,500000000E-1	-9,318283847E0	4,176165894E0
5,600000000E-1	-7,789424147E0	3,788689505E0
5,700000000E-1	-6,244543960E0	3,404928710E0
5,800000000E-1	-4,693978128E0	3,070823705E0
5,900000000E-1	-3,134508800E0	2,747438838E0
6,000000000E-1	-1,583243784E0	2,449004993E0
6,100000000E-1	-1,130994318E-1	2,346638771E0
6,200000000E-1	1,643865142E0	2,034082720E0
6,300000000E-1	3,092390093E0	1,711007893E0
6,400000000E-1	4,675846588E0	1,421362624E0
6,500000000E-1	6,245870695E0	1,102438111E0
6,600000000E-1	7,824829424E0	7,307547322E-1
6,700000000E-1	9,414911018E0	3,795724002E-1
6,800000000E-1	1,097823547E1	1,547793366E-2
6,900000000E-1	1,257861122E1	-3,959217360E-1
7,000000000E-1	1,414609116E1	-8,324429815E-1
7,100000000E-1	1,573044403E1	-1,322242723E0
7,200000000E-1	1,733498612E1	-1,870018945E0
7,300000000E-1	1,897633292E1	-2,403057709E0
7,400000000E-1	2,073709094E1	-2,780228221E0
7,500000000E-1	2,221658732E1	-3,577347536E0
7,600000000E-1	2,382923300E1	-4,244345877E0
7,700000000E-1	2,543206183E1	-4,932017969E0
7,800000000E-1	2,702132499E1	-5,661779903E0
7,900000000E-1	2,871138405E1	-6,354227710E0
8,000000000E-1	3,035419672E1	-7,108361715E0
8,100000000E-1	3,201166575E1	-7,983631657E0
8,200000000E-1	3,367745517E1	-8,937247509E0
8,300000000E-1	3,532184336E1	-1,002788848E1
8,400000000E-1	3,695362162E1	-1,093671828E1
8,500000000E-1	3,864707950E1	-1,192537172E1
8,600000000E-1	4,043665345E1	-1,290556851E1
8,700000000E-1	4,201452182E1	-1,426176974E1
8,800000000E-1	4,370377930E1	-1,547575395E1
8,900000000E-1	4,541919358E1	-1,674556466E1
9,000000000E-1	4,708107197E1	-1,806107264E1
9,100000000E-1	4,880432901E1	-1,939638071E1
9,200000000E-1	5,055476804E1	-2,076310826E1
9,300000000E-1	5,232789194E1	-2,219196644E1
9,400000000E-1	5,413814972E1	-2,369061189E1
9,500000000E-1	5,598303837E1	-2,519277506E1
9,600000000E-1	5,779752349E1	-2,673698011E1
9,700000000E-1	5,954162364E1	-2,830443152E1
