mass_A
t	x	y
0,000000000E0	-5,713565986E1	3,223037223E1
1,000000000E-2	-5,713508726E1	3,222604532E1
2,000000000E-2	-5,711263566E1	3,222757806E1
3,000000000E-2	-5,700655964E1	3,216406465E1
4,000000000E-2	-5,690755774E1	3,205016516E1
5,000000000E-2	-5,678738577E1	3,194714629E1
6,000000000E-2	-5,660723883E1	3,183855428E1
7,000000000E-2	-5,629255338E1	3,163340223E1
8,000000000E-2	-5,588621251E1	3,130947709E1
9,000000000E-2	-5,561822355E1	3,107912716E1
1,000000000E-1	-5,525843657E1	3,077608867E1
1,100000000E-1	-5,484619335E1	3,046081732E1
1,200000000E-1	-5,442298463E1	3,013528287E1
1,300000000E-1	-5,396730788E1	2,980224696E1
1,400000000E-1	-5,344632070E1	2,942917870E1
1,500000000E-1	-5,294361015E1	2,904023857E1
1,600000000E-1	-5,238625698E1	2,862911051E1
1,700000000E-1	-5,183331410E1	2,820687969E1
1,800000000E-1	-5,118749898E1	2,770790139E1
1,900000000E-1	-5,051210928E1	2,720542322E1
2,000000000E-1	-4,984717781E1	2,668998108E1
2,100000000E-1	-4,916317167E1	2,613042191E1
2,200000000E-1	-4,847355809E1	2,559328746E1
2,300000000E-1	-4,769355580E1	2,496230970E1
2,400000000E-1	-4,691619387E1	2,433524010E1
2,500000000E-1	-4,610872123E1	2,367425085E1
2,600000000E-1	-4,522392951E1	2,299866151E1
2,700000000E-1	-4,438877972E1	2,233321704E1
2,800000000E-1	-4,347189619E1	2,169493766E1
2,900000000E-1	-4,252207355E1	2,097979672E1
3,000000000E-1	-4,163915951E1	2,023330408E1
3,100000000E-1	-4,067858162E1	1,948957758E1
3,200000000E-1	-3,968488765E1	1,873865135E1
3,300000000E-1	-3,860902538E1	1,795636974E1
3,400000000E-1	-3,745349510E1	1,738699510E1
3,500000000E-1	-3,631564433E1	1,641617588E1
3,600000000E-1	-3,516101796E1	1,560740575E1
3,700000000E-1	-3,397832895E1	1,485396588E1
3,800000000E-1	-3,275900111E1	1,411279661E1
3,900000000E-1	-3,147802432E1	1,338591833E1
4,000000000E-1	-3,019968595E1	1,266465467E1
4,100000000E-1	-2,887214285E1	1,195200359E1
4,200000000E-1	-2,755145454E1	1,129222861E1
4,300000000E-1	-2,620012094E1	1,065713438E1
4,400000000E-1	-2,483517350E1	1,002899822E1
4,500000000E-1	-2,345953632E1	9,405258629E0
4,600000000E-1	-2,202748999E1	8,799917050E0
4,700000000E-1	-2,062244014E1	8,232107692E0
4,800000000E-1	-1,925055995E1	7,779768141E0
4,900000000E-1	-1,764313281E1	7,136875722E0
5,000000000E-1	-1,625282121E1	6,540323783E0
5,100000000E-1	-1,476856198E1	6,026896606E0
5,200000000E-1	-1,331499221E1	5,563469511E0
5,300000000E-1	-1,179727611E1	5,120006012E0
5,400000000E-1	-1,032153682E1	4,672613628E0
5,500000000E-1	-8,803127163E0	4,298059562E0
5,600000000E-1	-7,299180677E0	3,848779861E0
5,700000000E-1	-5,785067862E0	3,502016837E0
5,800000000E-1	-4,235721325E0	3,171498897E0
5,900000000E-1	-2,693984661E0	2,879383460E0
6,000000000E-1	-1,157032802E0	2,624158502E0
6,100000000E-1	4,023675353E-1	2,570650013E0
6,200000000E-1	1,960551030E0	2,155181734E0
6,300000000E-1	3,529029537E0	1,899650862E0
6,400000000E-1	5,120539781E0	1,589417714E0
6,500000000E-1	6,718239059E0	1,269373194E0
6,600000000E-1	8,305885338E0	9,161592583E-1
6,700000000E-1	9,873714351E0	5,436469817E-1
6,800000000E-1	1,146369129E1	1,501982755E-1
6,900000000E-1	1,303732382E1	-2,755075469E-1
7,000000000E-1	1,461519014E1	-7,203288796E-1
7,100000000E-1	1,624461432E1	-1,228674283E0
7,200000000E-1	1,787680964E1	-1,761059170E0
7,300000000E-1	1,948930338E1	-2,251265956E0
7,400000000E-1	2,122168876E1	-2,885707926E0
7,500000000E-1	2,272778375E1	-3,564172814E0
7,600000000E-1	2,433923466E1	-4,246997694E0
7,700000000E-1	2,594807709E1	-4,976171724E0
7,800000000E-1	2,758088858E1	-5,664050301E0
7,900000000E-1	2,924730785E1	-6,391902427E0
8,000000000E-1	3,093472035E1	-7,190932072E0
8,100000000E-1	3,260192194E1	-8,099350943E0
8,200000000E-1	3,426073284E1	-9,113604027E0
8,300000000E-1	3,590887683E1	-1,017126772E1
8,400000000E-1	3,757737623E1	-1,120247669E1
8,500000000E-1	3,923748701E1	-1,226915840E1
8,600000000E-1	4,104732429E1	-1,323251947E1
8,700000000E-1	4,265301282E1	-1,458520022E1
8,800000000E-1	4,437085614E1	-1,581230302E1
8,900000000E-1	4,608748445E1	-1,709660533E1
9,000000000E-1	4,778175819E1	-1,841385204E1
9,100000000E-1	4,950676031E1	-1,975636924E1
9,200000000E-1	5,123753876E1	-2,118732949E1
9,300000000E-1	5,301882436E1	-2,266450377E1
9,400000000E-1	5,481550525E1	-2,415568971E1
9,500000000E-1	5,666353529E1	-2,567588756E1
9,600000000E-1	5,845930558E1	-2,723514259E1
