mass_A
t	x	y
0,000000000E0	-5,676940563E1	3,235245697E1
1,000000000E-2	-5,676733868E1	3,235137366E1
2,000000000E-2	-5,676520886E1	3,235000090E1
3,000000000E-2	-5,676480836E1	3,234333688E1
4,000000000E-2	-5,676686015E1	3,233009476E1
5,000000000E-2	-5,667196206E1	3,225341420E1
6,000000000E-2	-5,667888307E1	3,222741610E1
7,000000000E-2	-5,655204119E1	3,214829921E1
8,000000000E-2	-5,640342621E1	3,205901807E1
9,000000000E-2	-5,624518722E1	3,192500093E1
1,000000000E-1	-5,593963069E1	3,174059738E1
1,100000000E-1	-5,562044033E1	3,151649678E1
1,200000000E-1	-5,531246366E1	3,127328055E1
1,300000000E-1	-5,497990772E1	3,102044170E1
1,400000000E-1	-5,458842653E1	3,074414305E1
1,500000000E-1	-5,417970607E1	3,043433636E1
1,600000000E-1	-5,372575994E1	3,010861883E1
1,700000000E-1	-5,326472853E1	2,974505441E1
1,800000000E-1	-5,276642786E1	2,936147217E1
1,900000000E-1	-5,224384037E1	2,897126276E1
2,000000000E-1	-5,169344697E1	2,855412855E1
2,100000000E-1	-5,112872953E1	2,809614097E1
2,200000000E-1	-5,048444955E1	2,761760932E1
2,300000000E-1	-4,982837230E1	2,710773158E1
2,400000000E-1	-4,915825975E1	2,660013714E1
2,500000000E-1	-4,847166311E1	2,604654499E1
2,600000000E-1	-4,776804562E1	2,549911249E1
2,700000000E-1	-4,698528541E1	2,488898816E1
2,800000000E-1	-4,617687882E1	2,425772491E1
2,900000000E-1	-4,538164041E1	2,362961227E1
3,000000000E-1	-4,457208221E1	2,296293430E1
3,100000000E-1	-4,367768204E1	2,226376111E1
3,200000000E-1	-4,277978831E1	2,152046670E1
3,300000000E-1	-4,185469794E1	2,077322927E1
3,400000000E-1	-4,088301097E1	2,001856540E1
3,500000000E-1	-3,985473584E1	1,923255518E1
3,600000000E-1	-3,884662343E1	1,845775094E1
3,700000000E-1	-3,779003392E1	1,771662122E1
3,800000000E-1	-3,653940893E1	1,694005638E1
3,900000000E-1	-3,543983554E1	1,607022805E1
4,000000000E-1	-3,425263770E1	1,531323494E1
4,100000000E-1	-3,305482500E1	1,457976916E1
4,200000000E-1	-3,181260411E1	1,384364094E1
4,300000000E-1	-3,054754560E1	1,311455506E1
4,400000000E-1	-2,923349587E1	1,239178843E1
4,500000000E-1	-2,789871636E1	1,170589792E1
4,600000000E-1	-2,650321290E1	1,101453743E1
4,700000000E-1	-2,510180877E1	1,036229742E1
4,800000000E-1	-2,365124832E1	9,729801656E0
4,900000000E-1	-2,219001934E1	9,112173838E0
5,000000000E-1	-2,076164872E1	8,560257616E0
5,100000000E-1	-1,930698830E1	7,990197891E0
5,200000000E-1	-1,780389575E1	7,526482839E0
5,300000000E-1	-1,636587505E1	6,865395046E0
5,400000000E-1	-1,488223104E1	6,344710653E0
5,500000000E-1	-1,337536227E1	5,844509589E0
5,600000000E-1	-1,184866517E1	5,392920153E0
5,700000000E-1	-1,030147131E1	4,928303091E0
5,800000000E-1	-8,767562905E0	4,556356894E0
5,900000000E-1	-7,215125619E0	4,173245361E0
6,000000000E-1	-5,659739490E0	3,826728655E0
6,100000000E-1	-4,099591157E0	3,488638870E0
6,200000000E-1	-2,502181974E0	3,175441213E0
6,300000000E-1	-9,059753979E-1	2,883049395E0
6,400000000E-1	7,211415908E-1	2,804733747E0
6,500000000E-1	2,317931180E0	2,384149635E0
6,600000000E-1	3,930740367E0	2,110974545E0
6,700000000E-1	5,527657740E0	1,820402364E0
6,800000000E-1	7,130580915E0	1,483205764E0
6,900000000E-1	8,741156135E0	1,109693290E0
7,000000000E-1	1,036009610E1	7,150323945E-1
7,100000000E-1	1,200479970E1	2,800759674E-1
7,200000000E-1	1,363279531E1	-1,706099837E-1
7,300000000E-1	1,528157508E1	-6,680346425E-1
7,400000000E-1	1,690102186E1	-1,176010163E0
7,500000000E-1	1,850569584E1	-1,733017548E0
7,600000000E-1	2,013944376E1	-2,192703434E0
7,700000000E-1	2,181679996E1	-2,964711914E0
7,800000000E-1	2,344720447E1	-3,665948896E0
7,900000000E-1	2,510180380E1	-4,362227990E0
8,000000000E-1	2,677610347E1	-5,122897815E0
8,100000000E-1	2,845922545E1	-5,781076163E0
8,200000000E-1	3,015444631E1	-6,511624244E0
8,300000000E-1	3,183749446E1	-7,300562309E0
8,400000000E-1	3,351396094E1	-8,192954614E0
8,500000000E-1	3,522140225E1	-9,211748092E0
8,600000000E-1	3,694323143E1	-1,031920270E1
8,700000000E-1	3,858907074E1	-1,156720289E1
8,800000000E-1	4,030047329E1	-1,249591439E1
8,900000000E-1	4,203286253E1	-1,372247494E1
9,000000000E-1	4,378385759E1	-1,490022916E1
9,100000000E-1	4,550239787E1	-1,621572518E1
9,200000000E-1	4,726192891E1	-1,759292349E1
9,300000000E-1	4,899737731E1	-1,909739472E1
9,400000000E-1	5,075332823E1	-2,056426759E1
9,500000000E-1	5,254369492E1	-2,203604482E1
9,600000000E-1	5,434180548E1	-2,354699291E1
9,700000000E-1	5,620232576E1	-2,509974753E1
9,800000000E-1	5,795111971E1	-2,657339618E1
